0 0.46015625 0.10078125 0.07578125 0.059375
0 0.7015625 0.3359375 0.06953125 0.1078125
0 0.81875 0.10703125 0.03046875 0.03515625
0 0.865625 0.30625 0.0296875 0.07890625
0 0.62734375 0.0703125 0.03046875 0.03125
0 0.89296875 0.175 0.03359375 0.03359375
0 0.746875 0.95 0.1625 0.1
0 0.68203125 0.18125 0.03203125 0.08203125
0 0.8328125 0.14140625 0.03515625 0.03671875
0 0.8078125 0.46015625 0.09296875 0.12421875
0 0.8265625 0.03046875 0.01328125 0.040625
0 0.92265625 0.37265625 0.021875 0.04375
0 0.925 0.15390625 0.03828125 0.03203125
0 0.54375 0.20546875 0.06015625 0.059375
0 0.96796875 0.59375 0.0640625 0.15078125
0 0.70546875 0.015625 0.03828125 0.03046875
0 0.8203125 0.271875 0.02578125 0.05546875
0 0.7125 0.12109375 0.03515625 0.06875
0 0.7546875 0.06875 0.02578125 0.04140625
0 0.853125 0.06171875 0.03203125 0.04296875
0 0.67578125 0.01796875 0.03359375 0.0359375
0 0.8921875 0.03125 0.028125 0.03984375
0 0.76171875 0.221875 0.05390625 0.13671875
0 0.2046875 0.33203125 0.19453125 0.21796875
0 0.2390625 0.0578125 0.09609375 0.07734375
0 0.47890625 0.0359375 0.0828125 0.06640625
0 0.58671875 0.0765625 0.11875 0.08125
0 0.31796875 0.1390625 0.05390625 0.06484375
0 0.878125 0.09296875 0.040625 0.04375