0 0.69453125 0.35859375 0.06484375 0.0734375
0 0.62265625 0.1609375 0.01484375 0.0265625
0 0.77890625 0.38125 0.07578125 0.1046875
0 0.640625 0.20078125 0.03828125 0.0609375
0 0.0625 0.1078125 0.04921875 0.0359375
0 0.04609375 0.384375 0.09140625 0.1203125
0 0.1515625 0.17421875 0.05390625 0.059375
0 0.47109375 0.1484375 0.02578125 0.03828125
0 0.77421875 0.25390625 0.028125 0.03359375
0 0.37734375 0.14296875 0.059375 0.06640625
0 0.43671875 0.2734375 0.0546875 0.06640625
0 0.72109375 0.1734375 0.03828125 0.04140625
0 0.409375 0.06875 0.01484375 0.03203125
0 0.38515625 0.2265625 0.06484375 0.0640625
0 0.7859375 0.3515625 0.03125 0.04453125
0 0.1828125 0.05859375 0.10078125 0.05859375
0 0.1796875 0.12890625 0.02890625 0.03671875
0 0.7546875 0.25859375 0.01953125 0.04140625
0 0.70234375 0.20234375 0.02265625 0.03203125
0 0.74609375 0.19375 0.03828125 0.03359375
0 0.7359375 0.28671875 0.0875 0.05859375
0 0.09609375 0.05546875 0.01484375 0.03671875
0 0.98359375 0.4125 0.03203125 0.04375
0 0.43203125 0.16484375 0.06171875 0.059375
0 0.11640625 0.15546875 0.0359375 0.0296875
0 0.7640625 0.1609375 0.0140625 0.0296875
0 0.4578125 0.10859375 0.04296875 0.059375
0 0.83359375 0.16953125 0.02109375 0.0390625
0 0.3125 0.06171875 0.03984375 0.03515625
0 0.3265625 0.0890625 0.034375 0.04453125
0 0.07734375 0.16796875 0.025 0.0515625
0 0.70234375 0.246875 0.03046875 0.0390625
0 0.046875 0.0609375 0.0453125 0.04296875
0 0.97734375 0.31875 0.03671875 0.06796875
0 0.44375 0.05 0.03515625 0.04609375
0 0.890625 0.28046875 0.05859375 0.05625
0 0.9515625 0.28515625 0.0421875 0.03671875
0 0.1203125 0.115625 0.0203125 0.040625
0 0.8984375 0.253125 0.046875 0.0390625
0 0.4125 0.11484375 0.02265625 0.03671875
0 0.05859375 0.225 0.1171875 0.0734375
0 0.5890625 0.21328125 0.0421875 0.071875
0 0.22265625 0.16953125 0.07578125 0.065625
0 0.83359375 0.296875 0.0515625 0.03671875
0 0.9265625 0.35546875 0.07421875 0.06484375
0 0.9640625 0.70859375 0.06171875 0.140625
0 0.80625 0.23515625 0.0328125 0.03359375
0 0.4828125 0.0234375 0.0265625 0.040625
0 0.8015625 0.78125 0.2171875 0.13046875
0 0.8453125 0.23359375 0.03203125 0.040625
0 0.34140625 0.36640625 0.1359375 0.13203125
0 0.28515625 0.2234375 0.04140625 0.04765625
0 0.29296875 0.1359375 0.06875 0.04765625
0 0.34765625 0.26171875 0.04375 0.10859375
0 0.37890625 0.30859375 0.09140625 0.04921875
0 0.484375 0.38984375 0.02734375 0.0671875
0 0.61328125 0.4203125 0.11796875 0.1296875
0 0.68359375 0.4953125 0.05390625 0.128125
0 0.85 0.52734375 0.0859375 0.09140625
0 0.878125 0.490625 0.084375 0.06640625
0 0.5375 0.1921875 0.03828125 0.028125
0 0.6953125 0.1265625 0.01171875 0.01953125