0 0.9578125 0.228125 0.04453125 0.0390625
0 0.41171875 0.08203125 0.0296875 0.06796875
0 0.15859375 0.1328125 0.10625 0.05703125
0 0.70625 0.28046875 0.06171875 0.07421875
0 0.83203125 0.16796875 0.040625 0.06875
0 0.49140625 0.37265625 0.040625 0.115625
0 0.9015625 0.17109375 0.07265625 0.06796875
0 0.53671875 0.0984375 0.0609375 0.06640625
0 0.7859375 0.23359375 0.02578125 0.0796875
0 0.946875 0.2859375 0.10625 0.16875
0 0.88515625 0.32578125 0.0390625 0.0453125
0 0.77265625 0.03046875 0.04296875 0.04375
0 0.384375 0.23984375 0.0328125 0.08515625
0 0.696875 0.71328125 0.0640625 0.1578125
0 0.97734375 0.521875 0.0453125 0.08125
0 0.909375 0.453125 0.0578125 0.06328125
0 0.90546875 0.12734375 0.028125 0.04921875
0 0.05390625 0.115625 0.01875 0.06015625
0 0.171875 0.0203125 0.071875 0.040625
0 0.075 0.046875 0.140625 0.08671875
0 0.69140625 0.0703125 0.140625 0.13359375
0 0.89296875 0.08828125 0.028125 0.04453125
0 0.66171875 0.54921875 0.02421875 0.08671875
0 0.8328125 0.51640625 0.13359375 0.15234375
0 0.740625 0.459375 0.071875 0.075
0 0.82421875 0.3875 0.0828125 0.11015625
0 0.91875 0.51640625 0.07421875 0.09453125
0 0.90703125 0.046875 0.06328125 0.0609375
0 0.9109375 0.6921875 0.11328125 0.19921875
0 0.63984375 0.8625 0.33515625 0.26015625
0 0.61875 0.6328125 0.1140625 0.11015625
0 0.7890625 0.4078125 0.14375 0.1453125
0 0.884375 0.3875 0.12109375 0.10703125
0 0.940625 0.38046875 0.0453125 0.07265625
0 0.87265625 0.27421875 0.04453125 0.04609375
0 0.81484375 0.21171875 0.01875 0.0484375
0 0.60234375 0.3640625 0.09921875 0.253125
0 0.5359375 0.33515625 0.04453125 0.18671875
0 0.2546875 0.7 0.18125 0.2671875
0 0.40703125 0.6125 0.09296875 0.109375
0 0.39921875 0.52890625 0.078125 0.1703125
0 0.26484375 0.39296875 0.1265625 0.28046875
0 0.1359375 0.29375 0.1296875 0.2
0 0.3640625 0.3375 0.05625 0.13203125
0 0.45078125 0.28125 0.03203125 0.2015625
0 0.34140625 0.15625 0.04375 0.13359375
0 0.215625 0.0828125 0.0859375 0.07578125
0 0.01953125 0.165625 0.0390625 0.15625
0 0.440625 0.115625 0.08203125 0.05234375
0 0.50078125 0.12421875 0.05703125 0.07890625
0 0.77734375 0.06796875 0.02109375 0.05703125
0 0.80234375 0.31875 0.034375 0.04921875
0 0.52421875 0.1953125 0.0625 0.09296875
0 0.4984375 0.21875 0.03359375 0.0703125
0 0.7203125 0.1875 0.053125 0.053125