0 0.084375 0.04375 0.16875 0.0875
0 0.97421875 0.1390625 0.04609375 0.04375
0 0.6703125 0.35 0.11796875 0.09921875
0 0.728125 0.08203125 0.02265625 0.04375
0 0.89609375 0.11640625 0.040625 0.0421875
0 0.34921875 0.11875 0.10625 0.1203125
0 0.634375 0.01640625 0.03828125 0.03046875
0 0.76796875 0.02421875 0.02578125 0.03125
0 0.9140625 0.2546875 0.0203125 0.03671875
0 0.73125 0.49140625 0.12421875 0.09296875
0 0.9453125 0.24609375 0.02578125 0.03828125
0 0.24921875 0.1296875 0.06953125 0.05546875
0 0.67109375 0.27890625 0.10625 0.121875
0 0.8796875 0.38203125 0.05625 0.06953125
0 0.9046875 0.1734375 0.03203125 0.0453125
0 0.73359375 0.14140625 0.03125 0.04296875
0 0.984375 0.21328125 0.02890625 0.03515625
0 0.56171875 0.01796875 0.03203125 0.0359375
0 0.76796875 0.0703125 0.02421875 0.04453125
0 0.465625 0.02890625 0.03203125 0.03515625
0 0.86015625 0.4375 0.03203125 0.06015625
0 0.24921875 0.06953125 0.0671875 0.05390625
0 0.778125 0.25 0.09375 0.09296875
0 0.8125 0.12578125 0.05859375 0.06015625
0 0.93125 0.8140625 0.13359375 0.2359375
0 0.4828125 0.17421875 0.1515625 0.1828125
0 0.603125 0.15234375 0.103125 0.0875
0 0.30078125 0.028125 0.0671875 0.05625
0 0.96484375 0.46796875 0.0703125 0.1078125
0 0.86953125 0.25 0.084375 0.1203125
0 0.93125 0.115625 0.0234375 0.04609375
0 0.9734375 0.55390625 0.05234375 0.17578125