0 0.66953125 0.23359375 0.0546875 0.071875
0 0.77265625 0.04921875 0.0484375 0.08984375
0 0.76328125 0.44765625 0.1078125 0.3453125
0 0.2484375 0.27578125 0.08671875 0.06796875
0 0.45703125 0.146875 0.10078125 0.09140625
0 0.1828125 0.10859375 0.11015625 0.09140625
0 0.9765625 0.0484375 0.046875 0.05859375
0 0.965625 0.4859375 0.06875 0.11875
0 0.85625 0.20546875 0.11796875 0.08359375
0 0.95 0.28671875 0.1 0.1109375
0 0.6859375 0.92890625 0.16484375 0.14140625
0 0.1078125 0.234375 0.215625 0.2125
0 0.70234375 0.11875 0.11328125 0.1234375
0 0.05390625 0.09765625 0.1078125 0.1328125
0 0.8 0.115625 0.07578125 0.0640625
0 0.3640625 0.04921875 0.03984375 0.0359375
0 0.81796875 0.06171875 0.028125 0.05078125
0 0.7515625 0.2484375 0.121875 0.11171875
0 0.28359375 0.17421875 0.05546875 0.0796875
0 0.32734375 0.09609375 0.084375 0.06796875
0 0.903125 0.12109375 0.14296875 0.09921875
0 0.615625 0.42265625 0.30234375 0.271875
0 0.21640625 0.39375 0.14921875 0.25703125
0 0.47890625 0.0921875 0.14921875 0.10625
0 0.6671875 0.03984375 0.1640625 0.0796875
0 0.6328125 0.121875 0.01484375 0.04375
0 0.5859375 0.08671875 0.040625 0.06953125
0 0.1828125 0.05 0.103125 0.08125
0 0.91328125 0.57578125 0.08828125 0.1546875
0 0.96796875 0.85546875 0.06328125 0.1765625
0 0.51640625 0.02578125 0.046875 0.0484375
0 0.534375 0.06171875 0.05859375 0.04921875
0 0.1109375 0.09296875 0.07578125 0.06953125
0 0.92265625 0.34609375 0.09765625 0.1109375