0 0.89765625 0.91328125 0.18671875 0.1734375
0 0.61484375 0.28203125 0.17890625 0.21875
0 0.16953125 0.04296875 0.025 0.04375
0 0.85625 0.1234375 0.06640625 0.06328125
0 0.96328125 0.246875 0.02109375 0.03984375
0 0.3953125 0.721875 0.2171875 0.39765625
0 0.225 0.140625 0.06015625 0.065625
0 0.9171875 0.32734375 0.05859375 0.10078125
0 0.14765625 0.134375 0.04375 0.05625
0 0.1390625 0.0578125 0.05625 0.06328125
0 0.740625 0.05703125 0.06015625 0.06484375
0 0.98828125 0.28671875 0.02265625 0.08046875
0 0.60703125 0.71640625 0.234375 0.3453125
0 0.19453125 0.115625 0.02890625 0.05
0 0.3328125 0.04296875 0.0359375 0.0609375
0 0.03359375 0.06328125 0.06015625 0.05546875
0 0.7265625 0.54375 0.12890625 0.2609375
0 0.64296875 0.06953125 0.05546875 0.11328125
0 0.990625 0.2015625 0.01796875 0.0453125
0 0.0859375 0.0609375 0.0578125 0.06796875
0 0.2453125 0.046875 0.05390625 0.065625
0 0.95625 0.084375 0.06328125 0.06328125
0 0.19609375 0.05546875 0.02890625 0.0375
0 0.07578125 0.16171875 0.09375 0.08515625
0 0.08203125 0.28515625 0.09453125 0.12109375
0 0.03828125 0.33046875 0.0765625 0.21328125
0 0.23515625 0.49921875 0.05703125 0.203125
0 0.275 0.53828125 0.0484375 0.14453125
0 0.2609375 0.390625 0.034375 0.1359375
0 0.26015625 0.2859375 0.03125 0.115625
0 0.23046875 0.21796875 0.059375 0.08125
0 0.19765625 0.196875 0.0390625 0.0796875
0 0.36015625 0.115625 0.0484375 0.14375
0 0.38828125 0.18359375 0.09609375 0.1171875
0 0.39765625 0.0421875 0.034375 0.02734375
0 0.48046875 0.0265625 0.0703125 0.040625
0 0.4359375 0.10703125 0.04140625 0.084375
0 0.3890625 0.303125 0.1421875 0.134375
0 0.30859375 0.284375 0.0328125 0.10234375
0 0.52109375 0.43046875 0.06171875 0.12734375
0 0.884375 0.54609375 0.0859375 0.1546875
0 0.90859375 0.46328125 0.103125 0.08984375
0 0.83359375 0.3421875 0.046875 0.075
0 0.925 0.13828125 0.02109375 0.03984375
0 0.7015625 0.175 0.1125 0.1046875
0 0.5421875 0.125 0.115625 0.090625
0 0.51796875 0.24609375 0.0296875 0.0640625
0 0.465625 0.19296875 0.0421875 0.07109375
0 0.45859375 0.16640625 0.0328125 0.059375
0 0.46875 0.10859375 0.03125 0.05234375
0 0.5625 0.05390625 0.065625 0.05
0 0.278125 0.090625 0.05078125 0.04921875
0 0.30859375 0.11328125 0.0390625 0.06484375
0 0.4125 0.02421875 0.0265625 0.03515625