0 0.53828125 0.215625 0.090625 0.078125
0 0.30390625 0.03125 0.0796875 0.0625
0 0.95078125 0.86796875 0.0984375 0.2109375
0 0.92109375 0.20859375 0.0890625 0.09609375
0 0.39140625 0.5640625 0.065625 0.12890625
0 0.2734375 0.42421875 0.18046875 0.18125
0 0.96640625 0.18515625 0.065625 0.053125
0 0.909375 0.04296875 0.028125 0.028125
0 0.95703125 0.140625 0.02734375 0.025
0 0.95625 0.07265625 0.03046875 0.03203125
0 0.51328125 0.45390625 0.096875 0.0875
0 0.44140625 0.5234375 0.0421875 0.1046875
0 0.71484375 0.29609375 0.1109375 0.11953125
0 0.671875 0.1125 0.03203125 0.0640625
0 0.715625 0.15078125 0.03515625 0.053125
0 0.825 0.23671875 0.03671875 0.0796875
0 0.43125 0.0265625 0.10625 0.053125
0 0.12890625 0.378125 0.171875 0.18125
0 0.06640625 0.396875 0.13203125 0.1890625
0 0.834375 0.05859375 0.05078125 0.05625
0 0.3546875 0.04609375 0.028125 0.05
0 0.2625 0.10078125 0.03515625 0.0765625