0 0.44140625 0.296875 0.07890625 0.121875
0 0.65703125 0.5015625 0.05078125 0.109375
0 0.5578125 0.4 0.0796875 0.15078125
0 0.51015625 0.29140625 0.03984375 0.04296875
0 0.64140625 0.2375 0.06015625 0.06640625
0 0.8484375 0.53203125 0.1 0.14453125
0 0.0625 0.09765625 0.125 0.1109375
0 0.79921875 0.83125 0.16484375 0.1375
0 0.1203125 0.2046875 0.159375 0.11796875
0 0.4234375 0.39765625 0.0390625 0.07109375
0 0.04296875 0.39375 0.0859375 0.1109375
0 0.63828125 0.7328125 0.06015625 0.1703125
0 0.628125 0.6609375 0.115625 0.17578125
0 0.590625 0.3828125 0.05234375 0.109375
0 0.27578125 0.79296875 0.171875 0.296875
0 0.7203125 0.5796875 0.03828125 0.14453125
0 0.93125 0.8703125 0.1359375 0.259375
0 0.49765625 0.42734375 0.08125 0.12109375
0 0.9296875 0.628125 0.07734375 0.09296875
0 0.803125 0.43828125 0.07265625 0.06640625
0 0.7 0.87890625 0.09140625 0.2109375
0 0.63125 0.5625 0.09296875 0.190625
0 0.48828125 0.7875 0.140625 0.28984375
0 0.55078125 0.6890625 0.10703125 0.253125
0 0.48671875 0.5609375 0.071875 0.0890625
0 0.06171875 0.84375 0.1234375 0.3125
0 0.1921875 0.5859375 0.11328125 0.09375
0 0.39765625 0.56015625 0.0578125 0.121875
0 0.32421875 0.5125 0.06640625 0.1390625
0 0.16796875 0.340625 0.115625 0.15
0 0.2390625 0.35 0.02109375 0.10234375
0 0.2890625 0.25703125 0.096875 0.134375
0 0.2203125 0.20703125 0.0625 0.05078125
0 0.47578125 0.33125 0.028125 0.0328125
0 0.390625 0.1375 0.046875 0.06796875
0 0.57265625 0.25 0.05703125 0.06484375
0 0.68125 0.29765625 0.05390625 0.0796875
0 0.60078125 0.38359375 0.06484375 0.05
0 0.64375 0.33125 0.02734375 0.0328125
0 0.734375 0.19921875 0.04296875 0.028125
0 0.3265625 0.15625 0.05546875 0.1109375
0 0.23046875 0.06640625 0.04140625 0.04375
0 0.50546875 0.15390625 0.04140625 0.025
0 0.125 0.03125 0.103125 0.0625