0 0.1171875 0.09609375 0.0953125 0.1
0 0.2796875 0.19921875 0.11484375 0.10546875
0 0.8453125 0.08359375 0.06171875 0.06640625
0 0.40546875 0.01796875 0.03203125 0.0359375
0 0.54609375 0.74609375 0.1484375 0.2171875
0 0.11328125 0.021875 0.06796875 0.04375
0 0.91640625 0.17578125 0.08984375 0.06640625
0 0.83515625 0.30625 0.06328125 0.109375
0 0.16015625 0.01796875 0.034375 0.0359375
0 0.95859375 0.0375 0.07265625 0.0734375
0 0.97734375 0.09453125 0.04453125 0.07421875
0 0.58828125 0.09765625 0.06640625 0.10625
0 0.540625 0.021875 0.103125 0.04375
0 0.56875 0.6109375 0.128125 0.10078125
0 0.7 0.48359375 0.0375 0.0796875
0 0.4578125 0.02890625 0.04765625 0.03984375
0 0.88515625 0.05546875 0.02578125 0.04453125
0 0.3078125 0.0375 0.06328125 0.075
0 0.57421875 0.85546875 0.1703125 0.18984375
0 0.8421875 0.85859375 0.26953125 0.24765625
0 0.76875 0.6953125 0.1921875 0.1984375
0 0.80703125 0.43046875 0.11796875 0.10703125
0 0.0625 0.48984375 0.125 0.17578125
0 0.14140625 0.7125 0.15390625 0.28828125
0 0.07109375 0.2484375 0.1421875 0.2125
0 0.6609375 0.4046875 0.06015625 0.078125
0 0.73125 0.04765625 0.065625 0.0734375
0 0.73125 0.14296875 0.0453125 0.08203125
0 0.74296875 0.31640625 0.034375 0.084375
0 0.19453125 0.24453125 0.08828125 0.17421875
0 0.39765625 0.4484375 0.15 0.146875
0 0.6546875 0.14140625 0.021875 0.08203125
0 0.33515625 0.115625 0.053125 0.06171875
0 0.19140625 0.05625 0.0453125 0.053125
0 0.9421875 0.52890625 0.084375 0.21875
0 0.97109375 0.3078125 0.0578125 0.14296875
0 0.68203125 0.05390625 0.05 0.0578125
0 0.27421875 0.025 0.0703125 0.05
0 0.25078125 0.13671875 0.08359375 0.115625
0 0.02890625 0.1296875 0.05703125 0.0890625
0 0.44375 0.30625 0.43984375 0.3265625