0 0.1125 0.03828125 0.1765625 0.075
0 0.75859375 0.1515625 0.109375 0.115625
0 0.33671875 0.0953125 0.103125 0.06875
0 0.9375 0.10703125 0.02890625 0.0484375
0 0.5171875 0.08828125 0.03828125 0.04140625
0 0.965625 0.2765625 0.0671875 0.13359375
0 0.84609375 0.15390625 0.03046875 0.04375
0 0.575 0.06796875 0.03671875 0.0640625
0 0.8796875 0.0828125 0.01953125 0.04375
0 0.64140625 0.08359375 0.02578125 0.03984375
0 0.89296875 0.11484375 0.03046875 0.078125
0 0.7921875 0.12890625 0.04140625 0.03359375
0 0.81328125 0.0578125 0.0859375 0.08125
0 0.65859375 0.73984375 0.36875 0.5109375
0 0.75078125 0.034375 0.06484375 0.06015625
0 0.3328125 0.696875 0.0671875 0.153125
0 0.1421875 0.7046875 0.071875 0.165625
0 0.91796875 0.93359375 0.16328125 0.13203125
0 0.06171875 0.13203125 0.1234375 0.20703125
0 0.240625 0.25625 0.065625 0.2015625
0 0.140625 0.1140625 0.09453125 0.14609375
0 0.315625 0.03671875 0.08359375 0.0515625
0 0.30625 0.271875 0.0921875 0.1625
0 0.30234375 0.40703125 0.1390625 0.13671875
0 0.4234375 0.26171875 0.09453125 0.171875
0 0.4859375 0.32421875 0.12734375 0.1078125
0 0.51171875 0.42890625 0.12578125 0.09609375
0 0.5546875 0.2890625 0.06484375 0.16640625
0 0.8078125 0.64453125 0.0484375 0.23515625
0 0.70859375 0.509375 0.0390625 0.1484375
0 0.62578125 0.421875 0.0640625 0.09765625
0 0.675 0.26875 0.08125 0.21796875
0 0.9015625 0.43359375 0.16640625 0.15859375
0 0.875 0.2109375 0.1046875 0.10859375
0 0.68984375 0.11484375 0.0453125 0.06171875
0 0.94921875 0.58828125 0.0453125 0.1125
0 0.50390625 0.4921875 0.08203125 0.0609375