0 0.49609375 0.22265625 0.05859375 0.0578125
0 0.3484375 0.16171875 0.05546875 0.07109375
0 0.721875 0.3203125 0.134375 0.11015625
0 0.6953125 0.221875 0.1078125 0.09453125
0 0.4984375 0.09296875 0.02109375 0.02421875
0 0.2625 0.82265625 0.16875 0.26640625
0 0.43828125 0.1625 0.06796875 0.05859375
0 0.5953125 0.26640625 0.1796875 0.1921875
0 0.61953125 0.09296875 0.11640625 0.08984375
0 0.6109375 0.3625 0.07734375 0.06328125
0 0.44375 0.39609375 0.09609375 0.08359375
0 0.5234375 0.415625 0.07890625 0.10703125
0 0.43203125 0.3484375 0.08125 0.04921875
0 0.48125 0.26796875 0.1453125 0.128125
0 0.3078125 0.303125 0.08515625 0.15078125
0 0.240625 0.3890625 0.040625 0.13671875
0 0.24453125 0.19296875 0.08359375 0.053125
0 0.0359375 0.22890625 0.07109375 0.0890625
0 0.0765625 0.1859375 0.10234375 0.08046875
0 0.13671875 0.11953125 0.06640625 0.05234375
0 0.196875 0.0546875 0.08828125 0.10859375
0 0.0890625 0.12421875 0.05625 0.05234375