0 0.96484375 0.390625 0.06953125 0.08671875
0 0.57109375 0.1375 0.071875 0.07421875
0 0.60078125 0.12109375 0.0171875 0.04453125
0 0.0625 0.29296875 0.125 0.14140625
0 0.065625 0.440625 0.13125 0.23125
0 0.43984375 0.2015625 0.05859375 0.059375
0 0.6765625 0.86328125 0.18125 0.14140625
0 0.69453125 0.4875 0.08125 0.0765625
0 0.56796875 0.3984375 0.19921875 0.159375
0 0.8671875 0.54296875 0.08984375 0.06484375
0 0.58359375 0.06875 0.03046875 0.03125
0 0.52578125 0.25859375 0.04375 0.07421875
0 0.6203125 0.10703125 0.0234375 0.03203125
0 0.69375 0.25625 0.071875 0.07734375
0 0.571875 0.2 0.0328125 0.04140625
0 0.82265625 0.32890625 0.07578125 0.0859375
0 0.67421875 0.15 0.02890625 0.028125
0 0.77421875 0.16484375 0.0828125 0.10625
0 0.79921875 0.784375 0.2765625 0.2703125
0 0.53125 0.63125 0.1484375 0.24140625
0 0.415625 0.53515625 0.0703125 0.1203125
0 0.66953125 0.05625 0.01796875 0.02734375
0 0.54921875 0.0203125 0.02578125 0.028125
0 0.7515625 0.56953125 0.05625 0.0796875
0 0.74140625 0.353125 0.0921875 0.08984375
0 0.6578125 0.3984375 0.0703125 0.07421875
0 0.13984375 0.5109375 0.2296875 0.15234375
0 0.2140625 0.3671875 0.16484375 0.1234375
0 0.28671875 0.3453125 0.0609375 0.09765625
0 0.2015625 0.2375 0.0875 0.05546875
0 0.0921875 0.12734375 0.06953125 0.09765625
0 0.03671875 0.0734375 0.07265625 0.0859375
0 0.32109375 0.06796875 0.0890625 0.08359375