0 0.14765625 0.965625 0.21953125 0.065625
0 0.603125 0.19453125 0.0390625 0.0890625
0 0.48046875 0.43359375 0.05390625 0.1203125
0 0.44609375 0.81328125 0.17890625 0.275
0 0.08515625 0.23515625 0.11953125 0.08671875
0 0.1265625 0.1546875 0.05078125 0.059375
0 0.49453125 0.7265625 0.165625 0.23203125
0 0.45703125 0.0109375 0.046875 0.02109375
0 0.9765625 0.18125 0.046875 0.05625
0 0.571875 0.015625 0.08671875 0.03046875
0 0.4578125 0.07578125 0.03984375 0.0609375
0 0.109375 0.31875 0.0875 0.08828125
0 0.22578125 0.06875 0.0234375 0.0359375
0 0.92109375 0.12265625 0.06328125 0.05859375
0 0.53984375 0.65625 0.11015625 0.23046875
0 0.01796875 0.19453125 0.03515625 0.06328125
0 0.93359375 0.2453125 0.12734375 0.11875
0 0.228125 0.11953125 0.06484375 0.0609375
0 0.14609375 0.4234375 0.0578125 0.10078125
0 0.31328125 0.0296875 0.03671875 0.040625
0 0.0328125 0.06953125 0.06328125 0.0546875
0 0.88125 0.1203125 0.015625 0.04375
0 0.909375 0.9265625 0.09765625 0.146875
0 0.959375 0.93203125 0.06875 0.121875
0 0.9515625 0.80703125 0.096875 0.0859375
0 0.7046875 0.9171875 0.10546875 0.16328125
0 0.71875 0.82734375 0.1515625 0.11875
0 0.6984375 0.68046875 0.11015625 0.21171875
0 0.6078125 0.596875 0.04453125 0.1296875
0 0.7453125 0.45859375 0.103125 0.16328125
0 0.17109375 0.33046875 0.071875 0.05703125
0 0.24453125 0.3625 0.17734375 0.15078125
0 0.22734375 0.17890625 0.046875 0.03515625
0 0.25 0.20234375 0.06328125 0.08828125
0 0.31328125 0.17578125 0.0703125 0.06484375
0 0.3171875 0.12578125 0.03828125 0.0328125
0 0.30625 0.0921875 0.02890625 0.02421875
0 0.3875 0.05859375 0.0515625 0.04296875
0 0.4125 0.08828125 0.04609375 0.05234375
0 0.3546875 0.265625 0.0609375 0.0640625
0 0.53125 0.13359375 0.06328125 0.0859375
0 0.51640625 0.040625 0.03671875 0.04296875
0 0.65546875 0.2359375 0.08359375 0.103125
0 0.83203125 0.078125 0.01640625 0.0203125
0 0.81640625 0.0640625 0.015625 0.0265625
0 0.80078125 0.16953125 0.04765625 0.03515625
0 0.9578125 0.62421875 0.084375 0.1015625
0 0.89453125 0.35625 0.04375 0.15703125
0 0.78828125 0.32109375 0.13046875 0.12265625
0 0.5875 0.28203125 0.05390625 0.18671875
0 0.5375 0.3453125 0.04609375 0.0703125
0 0.4765625 0.2375 0.0640625 0.05078125
0 0.4546875 0.31171875 0.0734375 0.05546875
0 0.4140625 0.321875 0.05625 0.08984375
0 0.3734375 0.465625 0.040625 0.1890625
0 0.31015625 0.49609375 0.08828125 0.09921875
0 0.2515625 0.4921875 0.06484375 0.084375
0 0.1875 0.59921875 0.165625 0.20234375
0 0.14296875 0.70703125 0.215625 0.1546875
0 0.61875 0.82265625 0.1328125 0.1765625
0 0.54140625 0.490625 0.03515625 0.16015625
0 0.42421875 0.50703125 0.021875 0.12890625
0 0.45703125 0.15078125 0.01875 0.0671875
0 0.6359375 0.05625 0.02109375 0.021875
0 0.64765625 0.084375 0.025 0.01875
0 0.678125 0.35078125 0.08515625 0.06171875
0 0.68828125 0.0921875 0.04296875 0.028125