0 0.665625 0.20625 0.0703125 0.08046875
0 0.725 0.053125 0.078125 0.06953125
0 0.20546875 0.484375 0.16484375 0.16015625
0 0.025 0.1609375 0.05 0.08515625
0 0.559375 0.47890625 0.07734375 0.109375
0 0.32734375 0.45 0.0921875 0.13203125
0 0.84140625 0.1046875 0.01484375 0.03828125
0 0.87734375 0.02734375 0.065625 0.053125
0 0.846875 0.04765625 0.025 0.01875
0 0.8875 0.21328125 0.02265625 0.04140625
0 0.86328125 0.10859375 0.03046875 0.025
0 0.79375 0.153125 0.0859375 0.078125
0 0.11484375 0.69609375 0.2296875 0.1734375
0 0.1703125 0.90859375 0.1203125 0.18203125
0 0.89921875 0.12421875 0.0203125 0.02578125
0 0.95546875 0.08046875 0.0359375 0.02734375
0 0.90625 0.07734375 0.03515625 0.03125
0 0.38984375 0.68515625 0.0953125 0.16015625
0 0.9078125 0.1828125 0.0640625 0.071875
0 0.46953125 0.64375 0.09453125 0.08515625
0 0.04140625 0.56015625 0.0828125 0.1421875
0 0.034375 0.4359375 0.04140625 0.12890625
0 0.3234375 0.09765625 0.0671875 0.04296875
0 0.30703125 0.1328125 0.01875 0.05078125
0 0.234375 0.1109375 0.034375 0.0578125
0 0.1859375 0.10625 0.0296875 0.03671875
0 0.1890625 0.04453125 0.021875 0.03203125
0 0.11328125 0.0671875 0.03046875 0.0328125
0 0.67109375 0.3546875 0.075 0.078125
0 0.31640625 0.0734375 0.06015625 0.04375
0 0.9609375 0.85 0.078125 0.1375
0 0.734375 0.221875 0.01953125 0.06015625
0 0.396875 0.01875 0.03984375 0.0375
0 0.9421875 0.9625 0.0671875 0.075
0 0.771875 0.01953125 0.040625 0.0390625
0 0.27734375 0.046875 0.040625 0.04765625
0 0.14453125 0.0484375 0.04765625 0.025
0 0.06640625 0.04140625 0.0421875 0.03046875
0 0.15546875 0.01171875 0.021875 0.02109375
0 0.48984375 0.11328125 0.0546875 0.0640625