0 0.3828125 0.03671875 0.07578125 0.0734375
0 0.87890625 0.2140625 0.04140625 0.06328125
0 0.94609375 0.09453125 0.021875 0.03984375
0 0.9796875 0.4171875 0.040625 0.084375
0 0.94453125 0.01171875 0.04765625 0.0234375
0 0.88046875 0.13984375 0.06640625 0.0703125
0 0.7921875 0.14140625 0.03359375 0.07578125
0 0.74921875 0.384375 0.16484375 0.15078125
0 0.84609375 0.06875 0.0453125 0.06953125
0 0.9296875 0.31875 0.0265625 0.04140625
0 0.940625 0.38515625 0.0640625 0.06875
0 0.96328125 0.0828125 0.02109375 0.03984375
0 0.9703125 0.04296875 0.04375 0.03671875
0 0.11484375 0.13125 0.165625 0.23046875
0 0.9234375 0.15390625 0.0421875 0.0390625
0 0.7328125 0.109375 0.03203125 0.0484375
0 0.9234375 0.53515625 0.153125 0.1953125
0 0.4671875 0.340625 0.29921875 0.32109375
0 0.7359375 0.74453125 0.32734375 0.3109375
0 0.6328125 0.06171875 0.0734375 0.0671875
0 0.71484375 0.24921875 0.09609375 0.08671875
0 0.5671875 0.1984375 0.1078125 0.15078125
0 0.64296875 0.28828125 0.09765625 0.0796875
0 0.340625 0.11640625 0.10078125 0.1171875
0 0.33828125 0.17109375 0.08671875 0.096875
0 0.859375 0.4203125 0.10625 0.0734375
0 0.771875 0.0265625 0.0734375 0.053125
0 0.77109375 0.07421875 0.05390625 0.028125
0 0.7640625 0.18125 0.06328125 0.08125
0 0.8796875 0.26953125 0.0359375 0.078125
0 0.7953125 0.11484375 0.06328125 0.03359375
0 0.81875 0.2375 0.0453125 0.04765625