0 0.1734375 0.38125 0.06875 0.18046875
0 0.6234375 0.03125 0.01171875 0.034375
0 0.4296875 0.0234375 0.02421875 0.04609375
0 0.3828125 0.03046875 0.03203125 0.04375
0 0.5046875 0.07578125 0.04140625 0.03828125
0 0.32265625 0.30703125 0.23828125 0.3125
0 0.46953125 0.03515625 0.03671875 0.03515625
0 0.59609375 0.240625 0.028125 0.07109375
0 0.92734375 0.1796875 0.05703125 0.05546875
0 0.33828125 0.12734375 0.11640625 0.19921875
0 0.83046875 0.153125 0.021875 0.03203125
0 0.6890625 0.26875 0.04921875 0.065625
0 0.5421875 0.2171875 0.059375 0.06015625
0 0.7296875 0.13515625 0.01953125 0.04453125
0 0.61640625 0.10078125 0.025 0.03828125
0 0.9015625 0.28203125 0.1046875 0.1
0 0.5578125 0.09453125 0.065625 0.06796875
0 0.7328125 0.06640625 0.05703125 0.05625
0 0.759375 0.2234375 0.10078125 0.08359375
0 0.36171875 0.44140625 0.1703125 0.10546875
0 0.65078125 0.059375 0.03359375 0.03203125
0 0.78828125 0.09375 0.0875 0.07109375