0 0.75078125 0.22578125 0.08046875 0.12421875
0 0.8859375 0.0234375 0.02265625 0.046875
0 0.6609375 0.075 0.04296875 0.0609375
0 0.7875 0.021875 0.096875 0.04375
0 0.9640625 0.07890625 0.071875 0.0453125
0 0.5890625 0.18125 0.03984375 0.07109375
0 0.52421875 0.80703125 0.1234375 0.1765625
0 0.9703125 0.17265625 0.059375 0.10234375
0 0.8515625 0.10234375 0.0328125 0.06796875
0 0.3578125 0.0390625 0.11796875 0.078125
0 0.746875 0.02265625 0.0390625 0.04140625
0 0.5203125 0.06328125 0.06640625 0.06484375
0 0.453125 0.3515625 0.05546875 0.1265625
0 0.70703125 0.2078125 0.04296875 0.0640625
0 0.309375 0.12734375 0.03828125 0.05859375
0 0.69140625 0.140625 0.06171875 0.07109375
0 0.0453125 0.5828125 0.08984375 0.2140625
0 0.67890625 0.27421875 0.0734375 0.12578125
0 0.3015625 0.6515625 0.12265625 0.3
0 0.16953125 0.3359375 0.3203125 0.29453125
0 0.79296875 0.0734375 0.06015625 0.06484375
0 0.91015625 0.5015625 0.1796875 0.259375
0 0.71015625 0.8265625 0.17890625 0.215625
0 0.61484375 0.46953125 0.12265625 0.29921875
0 0.31875 0.465625 0.17265625 0.14296875
0 0.13125 0.23203125 0.13984375 0.12421875
0 0.81640625 0.63828125 0.115625 0.26171875
0 0.74375 0.43671875 0.12109375 0.15859375
0 0.82578125 0.19375 0.05546875 0.0546875
0 0.90703125 0.1484375 0.06640625 0.0515625
0 0.903125 0.35234375 0.05859375 0.0640625
0 0.51796875 0.18671875 0.06953125 0.065625
0 0.4484375 0.05625 0.06953125 0.05703125
0 0.42578125 0.24453125 0.05234375 0.09609375
0 0.52265625 0.29609375 0.0390625 0.0953125
0 0.1609375 0.07578125 0.15 0.1515625
0 0.22109375 0.1546875 0.1390625 0.0875
0 0.434375 0.16015625 0.04765625 0.0453125
0 0.8921875 0.28984375 0.0796875 0.09296875
0 0.928125 0.63359375 0.0421875 0.11875
0 0.7265625 0.06328125 0.03828125 0.04453125
0 0.66015625 0.0328125 0.0703125 0.0625
0 0.0765625 0.06640625 0.09296875 0.1328125
0 0.0359375 0.08984375 0.07109375 0.05546875