0 0.72265625 0.075 0.06640625 0.12421875
0 0.803125 0.30703125 0.0609375 0.0734375
0 0.04140625 0.11640625 0.06953125 0.14921875
0 0.7 0.3453125 0.03515625 0.040625
0 0.43671875 0.19375 0.03984375 0.07421875
0 0.03515625 0.01640625 0.0703125 0.0328125
0 0.90859375 0.4984375 0.18203125 0.215625
0 0.74765625 0.26640625 0.02734375 0.05078125
0 0.78359375 0.65078125 0.0578125 0.1265625
0 0.796875 0.51640625 0.07890625 0.10625
0 0.890625 0.259375 0.03828125 0.06171875
0 0.83203125 0.27109375 0.065625 0.0765625
0 0.24140625 0.70546875 0.4296875 0.5890625
0 0.95 0.13359375 0.02109375 0.03671875
0 0.65078125 0.06875 0.06171875 0.07109375
0 0.928125 0.334375 0.06640625 0.0765625
0 0.69296875 0.565625 0.19453125 0.2609375
0 0.9359375 0.2265625 0.03125 0.0453125
0 0.94140625 0.75078125 0.1171875 0.1453125
0 0.6765625 0.75625 0.10078125 0.1859375
0 0.89921875 0.0734375 0.05703125 0.05546875
0 0.778125 0.37890625 0.0953125 0.071875
0 0.8125 0.42421875 0.0953125 0.053125
0 0.89375 0.396875 0.1265625 0.08515625
0 0.90078125 0.14375 0.04765625 0.0453125
0 0.90546875 0.1859375 0.04609375 0.071875
0 0.825 0.18203125 0.1265625 0.096875
0 0.84453125 0.0765625 0.0453125 0.0546875
0 0.21484375 0.58046875 0.13125 0.14609375
0 0.1953125 0.39609375 0.20703125 0.234375
0 0.14296875 0.34609375 0.0859375 0.17578125
0 0.071875 0.3359375 0.14375 0.1796875
0 0.06171875 0.05625 0.05078125 0.04296875
0 0.17265625 0.01875 0.06875 0.0375
0 0.171875 0.14453125 0.075 0.0578125
0 0.37109375 0.1578125 0.059375 0.14140625
0 0.39609375 0.38671875 0.07578125 0.0765625
0 0.396875 0.4703125 0.0390625 0.1078125
0 0.38671875 0.2828125 0.02890625 0.10078125
0 0.44921875 0.321875 0.0328125 0.184375
0 0.42265625 0.3375 0.1125 0.08203125
0 0.30703125 0.22578125 0.04140625 0.0875
0 0.54765625 0.4296875 0.1828125 0.275
0 0.61171875 0.29296875 0.04453125 0.06796875
0 0.7109375 0.2703125 0.0265625 0.07265625
0 0.66640625 0.1421875 0.0484375 0.0375
0 0.66328125 0.2578125 0.0453125 0.05390625
0 0.6703125 0.21484375 0.04140625 0.05703125
0 0.640625 0.2625 0.02109375 0.0625
0 0.603125 0.22578125 0.05234375 0.05234375
0 0.55703125 0.23984375 0.06328125 0.06640625
0 0.5015625 0.24609375 0.05390625 0.07734375
0 0.5484375 0.153125 0.0734375 0.07265625
0 0.58828125 0.1625 0.07890625 0.08046875
0 0.5859375 0.1203125 0.0515625 0.05078125
0 0.28671875 0.03203125 0.040625 0.0609375
0 0.234375 0.0515625 0.0484375 0.05859375
0 0.1609375 0.08359375 0.06328125 0.053125