0 0.20546875 0.3 0.1171875 0.07890625
0 0.14375 0.94921875 0.24453125 0.10078125
0 0.284375 0.12421875 0.0234375 0.02578125
0 0.28046875 0.18984375 0.046875 0.08359375
0 0.228125 0.0875 0.06171875 0.05625
0 0.09296875 0.3515625 0.04765625 0.1109375
0 0.1046875 0.08515625 0.0921875 0.103125
0 0.4828125 0.22109375 0.13671875 0.13984375
0 0.24453125 0.40078125 0.05 0.1
0 0.27421875 0.0296875 0.01796875 0.03671875
0 0.10546875 0.22421875 0.10859375 0.11875
0 0.209375 0.23984375 0.08203125 0.04921875
0 0.21796875 0.19453125 0.053125 0.06015625
0 0.2046875 0.1171875 0.01640625 0.02890625
0 0.2203125 0.028125 0.0640625 0.05546875
0 0.37890625 0.14609375 0.05859375 0.0546875
0 0.59765625 0.20078125 0.08828125 0.0921875
0 0.45625 0.090625 0.1140625 0.06953125
0 0.31171875 0.0390625 0.0203125 0.03046875
0 0.37578125 0.06640625 0.01875 0.02421875
0 0.29453125 0.26171875 0.04375 0.0875
0 0.4453125 0.228125 0.11953125 0.0859375