0 0.2859375 0.31953125 0.02578125 0.13046875
0 0.57578125 0.1546875 0.10625 0.1265625
0 0.128125 0.09453125 0.0328125 0.04921875
0 0.76875 0.9125 0.215625 0.175
0 0.953125 0.4875 0.07734375 0.1171875
0 0.69453125 0.115625 0.0609375 0.10859375
0 0.22734375 0.04296875 0.03515625 0.06328125
0 0.9609375 0.3546875 0.078125 0.12890625
0 0.8703125 0.0765625 0.02421875 0.034375
0 0.57734375 0.46015625 0.1046875 0.15703125
0 0.7390625 0.43828125 0.0375 0.06875
0 0.16796875 0.02265625 0.03671875 0.0453125
0 0.825 0.34453125 0.02421875 0.04921875
0 0.1015625 0.01640625 0.0375 0.0328125
0 0.7703125 0.09609375 0.11015625 0.1046875
0 0.03984375 0.059375 0.0796875 0.10078125
0 0.88046875 0.84765625 0.2390625 0.3015625
0 0.85234375 0.26796875 0.02109375 0.04453125
0 0.83984375 0.30078125 0.04609375 0.0359375
0 0.94296875 0.134375 0.0421875 0.05859375
0 0.9140625 0.246875 0.0703125 0.059375
0 0.8390625 0.22109375 0.02890625 0.04921875
0 0.87109375 0.04453125 0.03984375 0.0390625
0 0.76015625 0.3640625 0.07734375 0.07890625
0 0.878125 0.1546875 0.02890625 0.06328125
0 0.5703125 0.3515625 0.1203125 0.10390625
0 0.65859375 0.69609375 0.07265625 0.29453125
0 0.76796875 0.171875 0.05390625 0.0546875
0 0.790625 0.26171875 0.07890625 0.115625
0 0.70078125 0.30625 0.03203125 0.09140625
0 0.66640625 0.24609375 0.0765625 0.09765625
0 0.4765625 0.08203125 0.10234375 0.1015625
0 0.04140625 0.18828125 0.0828125 0.1734375
0 0.1453125 0.14140625 0.1265625 0.165625
0 0.246875 0.19140625 0.06953125 0.15
0 0.1359375 0.36875 0.0828125 0.12421875
0 0.315625 0.5640625 0.15859375 0.2234375
0 0.19375 0.87421875 0.14921875 0.2515625
0 0.471875 0.34921875 0.04453125 0.0875
0 0.4375 0.30703125 0.06484375 0.12265625
0 0.378125 0.2640625 0.10390625 0.075
0 0.3515625 0.1921875 0.05078125 0.06484375
0 0.3109375 0.12578125 0.0671875 0.059375
0 0.29453125 0.06484375 0.0328125 0.07265625
0 0.4546875 0.19453125 0.0578125 0.12421875
0 0.86328125 0.465625 0.184375 0.18046875
0 0.909375 0.55234375 0.134375 0.12734375
0 0.3828125 0.1421875 0.0375 0.03828125
0 0.50234375 0.371875 0.046875 0.04296875