0 0.12578125 0.12265625 0.08359375 0.10859375
0 0.8859375 0.021875 0.0265625 0.03125
0 0.98828125 0.07421875 0.0234375 0.0453125
0 0.84375 0.11328125 0.03046875 0.04296875
0 0.72578125 0.13828125 0.05234375 0.06640625
0 0.95703125 0.10390625 0.03984375 0.0796875
0 0.8890625 0.6125 0.103125 0.16796875
0 0.48359375 0.11953125 0.13046875 0.13125
0 0.4578125 0.234375 0.08671875 0.07421875
0 0.77265625 0.45703125 0.08984375 0.0875
0 0.671875 0.121875 0.075 0.06484375
0 0.81171875 0.62890625 0.10078125 0.09765625
0 0.29453125 0.05625 0.24296875 0.11171875