0 0.82109375 0.23359375 0.028125 0.0671875
0 0.5671875 0.02109375 0.071875 0.0421875
0 0.98203125 0.08828125 0.0359375 0.06328125
0 0.64765625 0.0109375 0.046875 0.021875
0 0.8484375 0.31171875 0.06796875 0.059375
0 0.646875 0.221875 0.0734375 0.07421875
0 0.6953125 0.01953125 0.06875 0.0390625
0 0.9453125 0.1671875 0.06171875 0.08046875
0 0.95078125 0.075 0.03515625 0.03515625
0 0.85234375 0.015625 0.03046875 0.03125
0 0.75078125 0.33359375 0.06484375 0.13046875
0 0.3515625 0.09609375 0.084375 0.15
0 0.8328125 0.115625 0.103125 0.10546875
0 0.5859375 0.32734375 0.2234375 0.290625
0 0.8515625 0.5328125 0.296875 0.30625
0 0.890625 0.284375 0.1015625 0.08125
0 0.9046875 0.38671875 0.1734375 0.184375
0 0.86484375 0.08203125 0.025 0.040625
0 0.73359375 0.06875 0.09453125 0.07890625
0 0.7953125 0.03125 0.0546875 0.0609375
0 0.5109375 0.09609375 0.084375 0.09296875
0 0.41796875 0.26171875 0.134375 0.16953125
0 0.46484375 0.15625 0.1046875 0.1109375
0 0.565625 0.1609375 0.08984375 0.10390625
0 0.70546875 0.15546875 0.10546875 0.08046875
0 0.721875 0.22265625 0.07578125 0.05390625
0 0.81875 0.17421875 0.03515625 0.07578125