0 0.009375 0.09453125 0.01875 0.0765625
0 0.78046875 0.58046875 0.0921875 0.0859375
0 0.72734375 0.52421875 0.0421875 0.04296875
0 0.2 0.3515625 0.040625 0.0609375
0 0.6296875 0.21953125 0.02578125 0.03828125
0 0.7015625 0.44296875 0.1015625 0.1375
0 0.2453125 0.11015625 0.01953125 0.02578125
0 0.91875 0.5546875 0.071875 0.0859375
0 0.38203125 0.17109375 0.05546875 0.05859375
0 0.771875 0.240625 0.01953125 0.05078125
0 0.4953125 0.2015625 0.09140625 0.0546875
0 0.140625 0.4703125 0.0921875 0.07734375
0 0.765625 0.3390625 0.04140625 0.06640625
0 0.13515625 0.29921875 0.103125 0.09296875
0 0.8125 0.33203125 0.02109375 0.05703125
0 0.5125 0.8609375 0.05859375 0.14609375
0 0.70703125 0.228125 0.01796875 0.05
0 0.6265625 0.88359375 0.08046875 0.1859375
0 0.93828125 0.70078125 0.0375 0.0703125
0 0.6234375 0.2515625 0.05546875 0.084375
0 0.6875 0.23984375 0.02265625 0.0390625
0 0.84609375 0.29296875 0.02890625 0.03984375
0 0.52265625 0.68125 0.04375 0.09375
0 0.98359375 0.51484375 0.0203125 0.0515625
0 0.5578125 0.35546875 0.08671875 0.075
0 0.32265625 0.190625 0.090625 0.05859375
0 0.86328125 0.61328125 0.05234375 0.065625
0 0.759375 0.39765625 0.0359375 0.046875
0 0.56328125 0.66953125 0.10390625 0.115625
0 0.2140625 0.1359375 0.02109375 0.0546875
0 0.915625 0.69375 0.06484375 0.09609375
0 0.38984375 0.7875 0.0640625 0.1546875
0 0.89765625 0.378125 0.03125 0.04921875
0 0.040625 0.43671875 0.06484375 0.0734375
0 0.7734375 0.884375 0.13359375 0.20234375
0 0.46796875 0.334375 0.059375 0.053125
0 0.93828125 0.4359375 0.0515625 0.06875
0 0.85234375 0.234375 0.04296875 0.05546875
0 0.6484375 0.22734375 0.02421875 0.03984375
0 0.9234375 0.6328125 0.0984375 0.08203125
0 0.98359375 0.4640625 0.0328125 0.09609375
0 0.96328125 0.3671875 0.07265625 0.065625
0 0.86796875 0.35390625 0.05859375 0.04140625
0 0.79296875 0.384375 0.03359375 0.06796875
0 0.82578125 0.35859375 0.021875 0.04140625
0 0.04921875 0.240625 0.04375 0.0609375
0 0.97578125 0.55625 0.04765625 0.0609375
0 0.16796875 0.1359375 0.03515625 0.04375
0 0.05859375 0.1609375 0.05703125 0.059375
0 0.7796875 0.2140625 0.04375 0.05390625
0 0.78515625 0.2921875 0.0328125 0.03828125
0 0.89765625 0.41875 0.04296875 0.04453125
0 0.50234375 0.1359375 0.028125 0.0515625
0 0.69609375 0.19296875 0.02578125 0.0359375
0 0.8578125 0.44453125 0.03203125 0.04453125
0 0.7234375 0.6703125 0.10390625 0.09453125
0 0.8328125 0.3859375 0.03203125 0.034375
0 0.546875 0.17578125 0.0578125 0.059375
0 0.80625 0.259375 0.0375 0.04921875
0 0.11875 0.228125 0.05859375 0.06015625
0 0.8859375 0.4859375 0.0703125 0.0609375
0 0.3125 0.1140625 0.02890625 0.03046875
0 0.44921875 0.10859375 0.03203125 0.0359375
0 0.90390625 0.8703125 0.18828125 0.259375
0 0.60078125 0.14296875 0.02421875 0.040625
0 0.86015625 0.75 0.06484375 0.06875
0 0.92734375 0.32421875 0.06171875 0.0609375
0 0.6484375 0.16171875 0.02734375 0.0359375
0 0.5953125 0.1140625 0.03515625 0.03046875
0 0.10859375 0.11328125 0.053125 0.0359375
0 0.0359375 0.553125 0.07109375 0.13203125
0 0.22421875 0.63828125 0.0828125 0.13515625
0 0.3921875 0.62734375 0.053125 0.14140625
0 0.4265625 0.57734375 0.0515625 0.08515625
0 0.19140625 0.54296875 0.06640625 0.125
0 0.2234375 0.478125 0.115625 0.18359375
0 0.2703125 0.4171875 0.04921875 0.0609375
0 0.15703125 0.40078125 0.103125 0.0734375
0 0.2453125 0.15 0.0296875 0.046875
0 0.30625 0.146875 0.01953125 0.015625
0 0.33828125 0.48515625 0.03515625 0.125
0 0.303125 0.503125 0.071875 0.071875
0 0.19453125 0.24375 0.034375 0.05078125
0 0.2375 0.22890625 0.02578125 0.05625
0 0.25 0.27421875 0.04453125 0.10234375
0 0.28515625 0.3265625 0.0734375 0.06015625
0 0.37734375 0.31953125 0.03828125 0.13828125
0 0.3203125 0.4265625 0.07421875 0.04375
0 0.4765625 0.53125 0.046875 0.19921875
0 0.44765625 0.434375 0.115625 0.10390625
0 0.50703125 0.48125 0.05234375 0.09296875
0 0.428125 0.4171875 0.03359375 0.1015625
0 0.5875 0.5625 0.10625 0.184375
0 0.6625 0.53046875 0.13515625 0.1484375
0 0.7640625 0.77265625 0.1 0.1328125
0 0.74921875 0.26171875 0.05078125 0.0375
0 0.55859375 0.24375 0.03515625 0.07578125
0 0.39765625 0.21640625 0.09296875 0.06328125
0 0.328125 0.259375 0.0234375 0.0796875
0 0.6359375 0.35625 0.0359375 0.04453125
0 0.61796875 0.81484375 0.103125 0.09296875
0 0.865625 0.57109375 0.0421875 0.04765625
0 0.84140625 0.525 0.059375 0.05
0 0.79453125 0.48828125 0.0203125 0.1
0 0.71953125 0.3234375 0.034375 0.0421875
0 0.05078125 0.31796875 0.090625 0.05234375
0 0.115625 0.165625 0.03515625 0.04140625
0 0.409375 0.28359375 0.04609375 0.06015625
0 0.41328125 0.35390625 0.03984375 0.0578125
0 0.2671875 0.37109375 0.05390625 0.034375
0 0.165625 0.3296875 0.0578125 0.06875
0 0.5453125 0.30703125 0.04609375 0.03671875
0 0.4984375 0.26015625 0.04375 0.0640625
0 0.60390625 0.19921875 0.05 0.06875
0 0.66015625 0.37734375 0.05 0.0375