0 0.1796875 0.11015625 0.05234375 0.059375
0 0.0328125 0.640625 0.065625 0.128125
0 0.24296875 0.12734375 0.09453125 0.09296875
0 0.053125 0.4359375 0.10546875 0.16640625
0 0.57265625 0.1359375 0.15390625 0.12734375
0 0.9375 0.03359375 0.0578125 0.06484375
0 0.12734375 0.14765625 0.03828125 0.06171875
0 0.32421875 0.26953125 0.0859375 0.103125
0 0.9609375 0.5375 0.078125 0.12421875
0 0.36875 0.121875 0.1484375 0.134375
0 0.7328125 0.13984375 0.05703125 0.06484375
0 0.1359375 0.23125 0.0578125 0.09609375
0 0.08203125 0.15703125 0.0515625 0.06328125
0 0.46953125 0.0828125 0.03984375 0.06015625
0 0.0453125 0.05390625 0.090625 0.1078125
0 0.384375 0.2671875 0.03984375 0.06796875
0 0.159375 0.0359375 0.08125 0.06328125
0 0.85703125 0.6375 0.2859375 0.18515625
0 0.3640625 0.80078125 0.2625 0.3984375
0 0.940625 0.07734375 0.05859375 0.090625
0 0.7890625 0.1140625 0.08125 0.09140625
0 0.890625 0.22421875 0.13125 0.11484375
0 0.96953125 0.24375 0.0609375 0.10625
0 0.63359375 0.23203125 0.03125 0.06015625
0 0.6828125 0.2625 0.0734375 0.084375
0 0.584375 0.2765625 0.10234375 0.1109375
0 0.871875 0.353125 0.0578125 0.1671875
0 0.79453125 0.3296875 0.06796875 0.1890625
0 0.80859375 0.4546875 0.06328125 0.06328125
0 0.8421875 0.53046875 0.0734375 0.12265625
0 0.9015625 0.56796875 0.0671875 0.12421875
0 0.61328125 0.39921875 0.03671875 0.10703125
0 0.728125 0.44609375 0.04921875 0.1125
0 0.6703125 0.16640625 0.05078125 0.05
0 0.4796875 0.265625 0.0375 0.0546875
0 0.33203125 0.41875 0.1015625 0.2046875
0 0.175 0.359375 0.25078125 0.2171875
0 0.51171875 0.03515625 0.10390625 0.053125
0 0.45390625 0.17734375 0.0421875 0.04921875
0 0.94140625 0.93828125 0.075 0.1234375
0 0.76171875 0.24921875 0.0375 0.06484375
0 0.23046875 0.22265625 0.1078125 0.06015625
0 0.7296875 0.36328125 0.02109375 0.08515625
0 0.74453125 0.32578125 0.04765625 0.05234375