0 0.51796875 0.43203125 0.0578125 0.128125
0 0.26640625 0.0359375 0.03359375 0.06640625
0 0.6984375 0.240625 0.10078125 0.08984375
0 0.6453125 0.3671875 0.0828125 0.090625
0 0.390625 0.13515625 0.0234375 0.0515625
0 0.6796875 0.3328125 0.08515625 0.13515625
0 0.77890625 0.05546875 0.04296875 0.03046875
0 0.71953125 0.0296875 0.03125 0.05
0 0.90625 0.7921875 0.171875 0.415625
0 0.7734375 0.02890625 0.04140625 0.04140625
0 0.82734375 0.7015625 0.11640625 0.21015625
0 0.62421875 0.503125 0.0953125 0.2109375
0 0.56015625 0.76328125 0.28984375 0.4734375
0 0.984375 0.2859375 0.03125 0.046875
0 0.978125 0.3390625 0.04296875 0.0796875
0 0.86328125 0.3453125 0.02265625 0.059375
0 0.1359375 0.01875 0.04296875 0.03125
0 0.87890625 0.08828125 0.0359375 0.03515625
0 0.9171875 0.08125 0.02890625 0.04140625
0 0.86171875 0.4890625 0.1484375 0.21953125
0 0.89453125 0.203125 0.17578125 0.14921875
0 0.83515625 0.58671875 0.10546875 0.10078125
0 0.9515625 0.48359375 0.09140625 0.078125
0 0.75703125 0.4359375 0.1015625 0.11796875
0 0.825 0.31171875 0.03359375 0.06015625
0 0.03359375 0.03125 0.0671875 0.0625
0 0.14609375 0.7203125 0.2921875 0.35625
0 0.9171875 0.40078125 0.103125 0.09140625
0 0.8859375 0.3125 0.05234375 0.0625
0 0.20390625 0.584375 0.084375 0.21171875
0 0.24375 0.353125 0.0921875 0.15546875
0 0.09296875 0.38984375 0.1859375 0.1609375
0 0.12890625 0.45625 0.12578125 0.1609375
0 0.08984375 0.16328125 0.17890625 0.1546875
0 0.26875 0.178125 0.08515625 0.1
0 0.3375 0.15 0.04609375 0.0671875
0 0.37578125 0.16171875 0.046875 0.05703125
0 0.3625 0.2296875 0.0359375 0.07421875
0 0.47109375 0.23828125 0.17890625 0.234375
0 0.17578125 0.1921875 0.0796875 0.18125
0 0.2078125 0.1265625 0.03984375 0.071875
0 0.18125 0.04453125 0.0625 0.0484375
0 0.6484375 0.1125 0.04453125 0.06015625
0 0.57578125 0.11640625 0.0734375 0.05390625
0 0.73671875 0.128125 0.0484375 0.07109375
0 0.73515625 0.315625 0.03515625 0.08359375
0 0.6265625 0.2140625 0.071875 0.0609375
0 0.7796875 0.3125 0.021875 0.0390625
0 0.83203125 0.04609375 0.02890625 0.0328125
0 0.47734375 0.09296875 0.0671875 0.04296875
0 0.440625 0.12890625 0.03046875 0.0625