0 0.4828125 0.07421875 0.02265625 0.05078125
0 0.83203125 0.23359375 0.0453125 0.03671875
0 0.75859375 0.30625 0.06015625 0.06796875
0 0.66953125 0.1234375 0.07265625 0.10625
0 0.87578125 0.35390625 0.06015625 0.0609375
0 0.9640625 0.115625 0.05546875 0.11171875
0 0.5859375 0.1703125 0.0703125 0.05703125
0 0.66171875 0.18203125 0.0265625 0.0390625
0 0.7125 0.109375 0.0625 0.08984375
0 0.615625 0.09609375 0.03359375 0.0296875
0 0.1953125 0.04765625 0.20078125 0.0953125
0 0.47421875 0.0359375 0.03125 0.04296875
0 0.909375 0.32734375 0.06015625 0.1046875
0 0.55703125 0.0875 0.03359375 0.03828125
0 0.4671875 0.09453125 0.06171875 0.05703125
0 0.61484375 0.203125 0.08359375 0.06640625
0 0.72265625 0.38984375 0.3078125 0.28359375
0 0.45234375 0.21796875 0.159375 0.14609375
0 0.575 0.11171875 0.059375 0.05625
0 0.2265625 0.51953125 0.25234375 0.2203125
0 0.39140625 0.16796875 0.07265625 0.10390625
0 0.390625 0.09609375 0.06015625 0.06171875
0 0.384375 0.02890625 0.03046875 0.04453125
0 0.80390625 0.26796875 0.0828125 0.05390625
0 0.54765625 0.3640625 0.1171875 0.11796875
0 0.7109375 0.73984375 0.14765625 0.27109375
0 0.52421875 0.121875 0.028125 0.04921875