0 0.64765625 0.11328125 0.07890625 0.10078125
0 0.7640625 0.02421875 0.02890625 0.03515625
0 0.3046875 0.0875 0.16015625 0.1703125
0 0.83125 0.0234375 0.0890625 0.03671875
0 0.46953125 0.07578125 0.06015625 0.06171875
0 0.57421875 0.27578125 0.078125 0.071875
0 0.80546875 0.05859375 0.06953125 0.05625
0 0.7515625 0.06328125 0.07265625 0.05390625
0 0.56796875 0.03125 0.0609375 0.0625
0 0.38203125 0.05703125 0.078125 0.07421875
0 0.88359375 0.14296875 0.02265625 0.03984375
0 0.83359375 0.20234375 0.06640625 0.0734375
0 0.8359375 0.271875 0.0875 0.075
0 0.9515625 0.17734375 0.09609375 0.09140625
0 0.57890625 0.525 0.18984375 0.13125
0 0.15234375 0.2390625 0.3046875 0.34375
0 0.36171875 0.29453125 0.0625 0.1734375
0 0.4734375 0.21015625 0.096875 0.07421875
0 0.4015625 0.1921875 0.0609375 0.04921875
0 0.765625 0.1765625 0.02890625 0.08046875
0 0.71953125 0.08046875 0.04296875 0.03984375
0 0.409375 0.12890625 0.084375 0.0625
0 0.16796875 0.04921875 0.1546875 0.09765625