0 0.50703125 0.3265625 0.07265625 0.1203125
0 0.965625 0.16953125 0.06875 0.109375
0 0.32734375 0.01875 0.0859375 0.0375
0 0.72578125 0.24765625 0.06796875 0.07109375
0 0.9125 0.109375 0.02109375 0.040625
0 0.2390625 0.08671875 0.19140625 0.1296875
0 0.59453125 0.04609375 0.1109375 0.08671875
0 0.5296875 0.1359375 0.0265625 0.0859375
0 0.96171875 0.70703125 0.0765625 0.11328125
0 0.28046875 0.0171875 0.03671875 0.034375
0 0.7859375 0.20546875 0.0625 0.06015625
0 0.93984375 0.96875 0.11953125 0.06015625
0 0.0765625 0.4515625 0.13203125 0.21953125
0 0.46484375 0.084375 0.0609375 0.059375
0 0.859375 0.03046875 0.04453125 0.0609375
0 0.8328125 0.09921875 0.05390625 0.053125
0 0.72734375 0.0390625 0.09609375 0.078125
0 0.90234375 0.221875 0.1953125 0.25
0 0.39765625 0.65859375 0.20078125 0.2296875
0 0.4328125 0.0234375 0.02109375 0.04453125
0 0.596875 0.60703125 0.38046875 0.353125
0 0.2015625 0.87890625 0.09453125 0.22109375
0 0.74140625 0.715625 0.21796875 0.221875
0 0.81484375 0.5015625 0.16796875 0.16953125
0 0.20078125 0.30234375 0.1125 0.25546875
0 0.4421875 0.19453125 0.11640625 0.1859375
0 0.58125 0.34921875 0.0828125 0.140625
0 0.659375 0.3734375 0.0828125 0.1015625
0 0.61171875 0.2921875 0.07109375 0.1046875
0 0.66015625 0.2234375 0.08828125 0.08203125
0 0.846875 0.3203125 0.08984375 0.08046875
0 0.96015625 0.8296875 0.0796875 0.11875
0 0.09609375 0.6515625 0.1921875 0.15
0 0.43984375 0.41015625 0.16484375 0.1375
0 0.553125 0.23671875 0.0546875 0.08671875
0 0.771875 0.10859375 0.07265625 0.09765625
0 0.67578125 0.12421875 0.05390625 0.08203125
0 0.63359375 0.1078125 0.0375 0.04765625