0 0.6046875 0.3859375 0.05390625 0.1140625
0 0.68515625 0.4 0.05390625 0.04765625
0 0.48046875 0.2984375 0.05390625 0.04296875
0 0.5703125 0.2640625 0.0734375 0.053125
0 0.040625 0.72578125 0.08125 0.13828125
0 0.31015625 0.11796875 0.06796875 0.0765625
0 0.73828125 0.4390625 0.1140625 0.08359375
0 0.5578125 0.38828125 0.0484375 0.06953125
0 0.49609375 0.20703125 0.05078125 0.0359375
0 0.253125 0.31484375 0.084375 0.08671875
0 0.4125 0.29453125 0.06015625 0.03828125
0 0.62734375 0.29296875 0.028125 0.10234375
0 0.38671875 0.22421875 0.09375 0.06171875
0 0.671875 0.25859375 0.06328125 0.0515625
0 0.16015625 0.9078125 0.14609375 0.184375
0 0.47265625 0.34921875 0.06875 0.06328125
0 0.32578125 0.3578125 0.0734375 0.0671875
0 0.40625 0.38671875 0.09375 0.08515625
0 0.81796875 0.73359375 0.14140625 0.20859375
0 0.56953125 0.64765625 0.09375 0.1109375
0 0.10625 0.48984375 0.0734375 0.1
0 0.14921875 0.4375 0.11953125 0.103125
0 0.24921875 0.35859375 0.040625 0.06484375
0 0.0984375 0.39296875 0.0890625 0.1046875
0 0.19609375 0.3390625 0.04140625 0.08984375
0 0.07265625 0.2796875 0.06171875 0.0734375
0 0.02890625 0.14375 0.04296875 0.04921875
0 0.13359375 0.2828125 0.05078125 0.06171875
0 0.31484375 0.27578125 0.03828125 0.04296875
0 0.184375 0.05859375 0.015625 0.03125
0 0.1078125 0.1203125 0.03671875 0.0359375
0 0.0765625 0.053125 0.025 0.0375
0 0.2578125 0.09765625 0.0125 0.0296875
0 0.2171875 0.1109375 0.0203125 0.0609375