0 0.85859375 0.0359375 0.028125 0.034375
0 0.74375 0.03515625 0.11875 0.06875
0 0.56875 0.259375 0.0203125 0.075
0 0.94375 0.1609375 0.03671875 0.0390625
0 0.87109375 0.10078125 0.02578125 0.03359375
0 0.56953125 0.31171875 0.03984375 0.03828125
0 0.83984375 0.23359375 0.03671875 0.06328125
0 0.90703125 0.409375 0.05703125 0.11015625
0 0.0671875 0.621875 0.07265625 0.2375
0 0.41953125 0.18515625 0.1609375 0.15703125
0 0.96171875 0.290625 0.0765625 0.11640625
0 0.82578125 0.02890625 0.04375 0.034375
0 0.14921875 0.5390625 0.09921875 0.2734375
0 0.96875 0.1890625 0.02890625 0.03359375
0 0.74296875 0.34296875 0.05859375 0.07890625
0 0.9109375 0.10703125 0.03671875 0.0390625
0 0.9390625 0.128125 0.0234375 0.0453125
0 0.93203125 0.67890625 0.1359375 0.2015625
0 0.91171875 0.27265625 0.12734375 0.159375
0 0.9078125 0.1828125 0.03671875 0.0484375
0 0.90078125 0.03828125 0.03125 0.05
0 0.671875 0.1703125 0.14921875 0.1609375
0 0.6 0.07578125 0.12109375 0.0875
0 0.7 0.2734375 0.06484375 0.0796875
0 0.51171875 0.1125 0.11015625 0.12265625
0 0.52734375 0.16484375 0.02421875 0.05390625
0 0.375 0.03671875 0.040625 0.06484375
0 0.2375 0.0890625 0.1328125 0.14921875
0 0.04921875 0.06796875 0.0734375 0.0828125
0 0.0265625 0.16484375 0.05234375 0.109375
0 0.09453125 0.17109375 0.1046875 0.17265625
0 0.2171875 0.190625 0.115625 0.16875
0 0.175 0.33359375 0.08984375 0.11953125
0 0.08203125 0.43046875 0.134375 0.17109375
0 0.434375 0.56796875 0.14453125 0.2765625
0 0.46484375 0.8953125 0.125 0.209375
0 0.56796875 0.91484375 0.18828125 0.1703125
0 0.57890625 0.471875 0.1234375 0.23515625
0 0.46171875 0.2984375 0.09921875 0.1453125
0 0.3609375 0.2828125 0.05546875 0.12109375
0 0.409375 0.11796875 0.0359375 0.04453125
0 0.440625 0.0875 0.0421875 0.03828125
0 0.44140625 0.1671875 0.046875 0.06484375