0 0.29296875 0.24375 0.04140625 0.05703125
0 0.24375 0.56953125 0.09765625 0.075
0 0.45703125 0.38828125 0.1109375 0.09609375
0 0.07265625 0.4890625 0.10546875 0.06171875
0 0.56875 0.3484375 0.06328125 0.13125
0 0.05703125 0.15546875 0.1140625 0.075
0 0.93515625 0.6578125 0.1296875 0.134375
0 0.79921875 0.490625 0.0375 0.0484375
0 0.49140625 0.18671875 0.05546875 0.0375
0 0.128125 0.234375 0.07421875 0.0625
0 0.54140625 0.27890625 0.06015625 0.04921875
0 0.053125 0.37890625 0.10625 0.1578125
0 0.22578125 0.1046875 0.02265625 0.03359375
0 0.078125 0.84765625 0.15546875 0.30390625
0 0.59765625 0.3296875 0.0484375 0.06640625
0 0.67734375 0.3203125 0.04765625 0.05390625
0 0.50234375 0.1296875 0.021875 0.02421875
0 0.8828125 0.3734375 0.0640625 0.059375
0 0.93828125 0.52421875 0.1234375 0.0640625
0 0.24296875 0.66875 0.109375 0.15859375
0 0.0703125 0.6390625 0.11171875 0.16484375
0 0.471875 0.315625 0.02578125 0.02890625
0 0.459375 0.2796875 0.03203125 0.03515625
0 0.134375 0.15703125 0.0359375 0.03515625
0 0.21484375 0.44609375 0.115625 0.0859375
0 0.33046875 0.3859375 0.0828125 0.0859375
0 0.33828125 0.48359375 0.103125 0.08359375
0 0.26875 0.4796875 0.05390625 0.0609375
0 0.23671875 0.184375 0.02109375 0.0390625
0 0.12734375 0.36796875 0.0546875 0.04296875
0 0.51171875 0.5046875 0.10625 0.08046875
0 0.56953125 0.46640625 0.065625 0.065625
0 0.603125 0.4390625 0.07265625 0.0921875
0 0.71640625 0.540625 0.0453125 0.096875
0 0.73984375 0.38671875 0.04609375 0.059375
0 0.684375 0.67265625 0.09921875 0.0984375
0 0.353125 0.21875 0.02734375 0.04453125
0 0.28671875 0.3046875 0.01875 0.03046875