0 0.2140625 0.05703125 0.03984375 0.03984375
0 0.7953125 0.58046875 0.146875 0.18125
0 0.965625 0.10859375 0.025 0.053125
0 0.69453125 0.19375 0.03828125 0.06328125
0 0.82734375 0.0453125 0.06796875 0.06484375
0 0.4140625 0.253125 0.06171875 0.11796875
0 0.7015625 0.384375 0.0359375 0.10078125
0 0.26171875 0.08828125 0.1109375 0.10390625
0 0.9375 0.75703125 0.125 0.1890625
0 0.69140625 0.271875 0.06796875 0.12421875
0 0.93203125 0.09453125 0.06015625 0.0640625
0 0.76640625 0.1140625 0.06171875 0.11171875
0 0.6734375 0.45625 0.06171875 0.13984375
0 0.84609375 0.82890625 0.1546875 0.303125
0 0.70625 0.90078125 0.13203125 0.19375
0 0.1875 0.17578125 0.0234375 0.05078125
0 0.459375 0.0390625 0.0671875 0.06796875
0 0.03359375 0.109375 0.06015625 0.0515625
0 0.11484375 0.11484375 0.03984375 0.05390625
0 0.04375 0.22421875 0.07578125 0.09375
0 0.49375 0.6765625 0.28359375 0.28828125
0 0.18125 0.0625 0.04140625 0.06015625
0 0.07109375 0.54296875 0.1421875 0.25625
0 0.1015625 0.80546875 0.203125 0.3328125
0 0.08984375 0.33515625 0.1796875 0.1703125
0 0.3390625 0.171875 0.12734375 0.103125
0 0.28515625 0.27734375 0.04609375 0.06015625
0 0.33125 0.26796875 0.0390625 0.08828125
0 0.32109375 0.25390625 0.01796875 0.05625
0 0.41328125 0.0375 0.021875 0.04140625
0 0.4 0.0703125 0.034375 0.04453125
0 0.4109375 0.13046875 0.05546875 0.0921875
0 0.51875 0.0375 0.04609375 0.0609375
0 0.41171875 0.37578125 0.11640625 0.1234375
0 0.309375 0.47265625 0.159375 0.15703125
0 0.51796875 0.36875 0.08203125 0.1203125
0 0.59140625 0.4265625 0.0234375 0.13046875
0 0.47265625 0.1875 0.0484375 0.1328125
0 0.58828125 0.275 0.0546875 0.078125
0 0.5234375 0.10546875 0.0328125 0.0515625
0 0.69296875 0.1015625 0.0578125 0.08125
0 0.74296875 0.02890625 0.03828125 0.03203125
0 0.76015625 0.39296875 0.0765625 0.121875
0 0.7578125 0.3359375 0.04296875 0.078125
0 0.8609375 0.31484375 0.0828125 0.14453125
0 0.86875 0.5890625 0.1 0.08828125
0 0.81328125 0.1953125 0.03671875 0.07578125
0 0.8609375 0.19765625 0.06796875 0.084375
0 0.76328125 0.2484375 0.0546875 0.0859375
0 0.8234375 0.28203125 0.0546875 0.13828125
0 0.6203125 0.10625 0.028125 0.02265625