0 0.75234375 0.15546875 0.02734375 0.04921875
0 0.865625 0.11484375 0.03515625 0.0390625
0 0.91171875 0.12890625 0.0359375 0.04375
0 0.82578125 0.27890625 0.034375 0.04140625
0 0.634375 0.05625 0.0390625 0.06484375
0 0.87734375 0.08828125 0.0375 0.03984375
0 0.590625 0.203125 0.0671875 0.06875
0 0.61875 0.12578125 0.06484375 0.06015625
0 0.16171875 0.184375 0.06796875 0.05078125
0 0.68125 0.0828125 0.0421875 0.03984375
0 0.42265625 0.05703125 0.02890625 0.0390625
0 0.92734375 0.04375 0.05859375 0.0640625
0 0.95703125 0.11171875 0.0625 0.05859375
0 0.20546875 0.215625 0.0875 0.07734375
0 0.4953125 0.203125 0.06640625 0.07109375
0 0.084375 0.06484375 0.1484375 0.109375
0 0.5578125 0.903125 0.103125 0.19140625
0 0.83359375 0.015625 0.0390625 0.03125
0 0.38671875 0.021875 0.06171875 0.0390625
0 0.34609375 0.15234375 0.07109375 0.07109375
0 0.86171875 0.5421875 0.1375 0.14140625
0 0.7953125 0.86640625 0.18359375 0.2
0 0.64765625 0.49453125 0.1234375 0.21171875
0 0.91171875 0.325 0.165625 0.2046875
0 0.47421875 0.40078125 0.14921875 0.14296875
0 0.33359375 0.2921875 0.1328125 0.10546875
0 0.1796875 0.28203125 0.09609375 0.0703125
0 0.42890625 0.103125 0.08671875 0.071875
0 0.5109375 0.1390625 0.04765625 0.0328125
0 0.5296875 0.109375 0.05703125 0.03515625
0 0.521875 0.0796875 0.053125 0.05078125
0 0.478125 0.096875 0.0296875 0.0375
0 0.52109375 0.03984375 0.05390625 0.03828125
0 0.7 0.29765625 0.05078125 0.06328125
0 0.86015625 0.17421875 0.03828125 0.03515625
0 0.75859375 0.046875 0.05234375 0.04765625
0 0.57734375 0.15078125 0.04453125 0.0421875
0 0.190625 0.10625 0.0484375 0.08515625