0 0.85703125 0.371875 0.02265625 0.04375
0 0.68125 0.31875 0.040625 0.0859375
0 0.45859375 0.08125 0.03203125 0.0484375
0 0.48984375 0.17421875 0.034375 0.065625
0 0.75859375 0.26796875 0.01171875 0.03046875
0 0.71328125 0.20078125 0.04140625 0.04140625
0 0.53828125 0.78359375 0.203125 0.23828125
0 0.89921875 0.6078125 0.0265625 0.06796875
0 0.73984375 0.1890625 0.03046875 0.04453125
0 0.753125 0.38359375 0.06328125 0.05703125
0 0.97578125 0.59453125 0.04765625 0.0640625
0 0.7625 0.75625 0.0640625 0.15625
0 0.66953125 0.06171875 0.01875 0.040625
0 0.91640625 0.4109375 0.02890625 0.06875
0 0.64140625 0.29375 0.02265625 0.0515625
0 0.6203125 0.16796875 0.05546875 0.06328125
0 0.72578125 0.3390625 0.025 0.05390625
0 0.96953125 0.9875 0.0375 0.025
0 0.45859375 0.03046875 0.04453125 0.04375
0 0.8796875 0.43046875 0.01796875 0.046875
0 0.759375 0.22734375 0.03203125 0.0359375
0 0.67265625 0.25859375 0.02734375 0.04140625
0 0.8203125 0.34609375 0.03828125 0.0765625
0 0.9328125 0.64921875 0.0609375 0.06015625
0 0.6734375 0.134375 0.03984375 0.0609375
0 0.875 0.6890625 0.08359375 0.0921875
0 0.759375 0.31953125 0.0234375 0.04609375
0 0.71875 0.30703125 0.03046875 0.03984375
0 0.815625 0.51015625 0.0578125 0.05703125
0 0.88515625 0.38515625 0.04453125 0.0796875
0 0.8140625 0.63203125 0.0421875 0.0671875
0 0.784375 0.2453125 0.01953125 0.0296875
0 0.8421875 0.79609375 0.09140625 0.1078125
0 0.72109375 0.259375 0.04140625 0.0609375
0 0.875 0.4765625 0.05390625 0.05546875
0 0.79140625 0.28671875 0.021875 0.040625
0 0.22265625 0.6 0.32265625 0.18125
0 0.8140625 0.246875 0.01953125 0.0484375
0 0.74765625 0.0671875 0.05703125 0.05859375
0 0.915625 0.896875 0.05390625 0.1515625
0 0.5125 0.034375 0.05546875 0.065625
0 0.95 0.484375 0.04609375 0.04453125
0 0.60234375 0.04140625 0.0421875 0.04296875
0 0.72734375 0.5015625 0.1140625 0.09375
0 0.79296875 0.63984375 0.03359375 0.06484375
0 0.90625 0.54375 0.01171875 0.0484375
0 0.93984375 0.546875 0.0375 0.04453125
0 0.8703125 0.5296875 0.05390625 0.04140625
0 0.8609375 0.5703125 0.04453125 0.0625
0 0.69296875 0.8578125 0.06328125 0.2828125
0 0.49921875 0.91015625 0.084375 0.178125
0 0.26875 0.740625 0.11015625 0.15546875
0 0.0375 0.89765625 0.07421875 0.2046875
0 0.1109375 0.4625 0.16328125 0.3296875
0 0.31171875 0.33359375 0.06640625 0.07421875
0 0.2515625 0.32578125 0.07578125 0.0640625
0 0.23125 0.240625 0.06953125 0.07421875
0 0.278125 0.09453125 0.0625 0.1078125
0 0.4203125 0.26171875 0.1515625 0.1328125
0 0.4109375 0.290625 0.0609375 0.1078125
0 0.53046875 0.17734375 0.06640625 0.1515625
0 0.10078125 0.128125 0.05625 0.0390625
0 0.5984375 0.2625 0.0765625 0.0890625
0 0.61171875 0.21953125 0.0421875 0.04765625
0 0.5578125 0.11953125 0.06171875 0.0484375
0 0.56953125 0.09140625 0.05546875 0.0390625
0 0.49375 0.4578125 0.1375 0.16328125
0 0.5546875 0.34609375 0.0703125 0.05703125
0 0.61953125 0.5046875 0.071875 0.0515625
0 0.721875 0.659375 0.025 0.096875
0 0.7453125 0.58359375 0.0171875 0.09453125
0 0.26953125 0.20546875 0.05078125 0.04921875
0 0.1375 0.35703125 0.06015625 0.05234375
0 0.4234375 0.1609375 0.08203125 0.0734375
0 0.3671875 0.05546875 0.02578125 0.02578125