0 0.2375 0.31796875 0.04375 0.08046875
0 0.6875 0.5515625 0.05625 0.11015625
0 0.7234375 0.4359375 0.065625 0.13359375
0 0.56328125 0.06484375 0.071875 0.121875
0 0.5234375 0.134375 0.03671875 0.06875
0 0.58203125 0.29140625 0.040625 0.06640625
0 0.325 0.02421875 0.12109375 0.0484375
0 0.54375 0.3234375 0.0578125 0.103125
0 0.45625 0.109375 0.04375 0.059375
0 0.95390625 0.15625 0.09140625 0.1234375
0 0.05703125 0.2421875 0.11328125 0.0828125
0 0.7125 0.246875 0.02578125 0.07890625
0 0.46640625 0.175 0.04296875 0.09765625
0 0.67421875 0.22421875 0.03125 0.028125
0 0.88359375 0.16015625 0.02890625 0.0484375
0 0.63828125 0.8640625 0.08359375 0.18828125
0 0.83984375 0.47734375 0.1265625 0.11484375
0 0.56171875 0.20859375 0.03828125 0.0890625
0 0.2578125 0.15390625 0.23125 0.21171875
0 0.071875 0.15546875 0.14375 0.1765625
0 0.1421875 0.03515625 0.07421875 0.06328125
0 0.07578125 0.38515625 0.1515625 0.2109375
0 0.69453125 0.1265625 0.04296875 0.03515625
0 0.45546875 0.2734375 0.05546875 0.06875
0 0.83984375 0.1390625 0.05625 0.03984375
0 0.190625 0.25390625 0.0828125 0.04921875
0 0.80078125 0.23828125 0.13984375 0.17265625
0 0.80625 0.84375 0.10703125 0.2296875
0 0.74609375 0.6484375 0.15078125 0.15703125
0 0.50859375 0.38671875 0.053125 0.1375
0 0.621875 0.27734375 0.053125 0.078125
0 0.95625 0.86015625 0.0796875 0.0671875
0 0.29140625 0.2578125 0.1 0.07109375
0 0.2359375 0.05234375 0.140625 0.1
0 0.6015625 0.2125 0.05703125 0.04921875
0 0.6828125 0.33359375 0.034375 0.03828125