0 0.734375 0.13359375 0.02421875 0.03515625
0 0.509375 0.05625 0.03984375 0.03359375
0 0.97109375 0.075 0.0578125 0.128125
0 0.96796875 0.38359375 0.0640625 0.1109375
0 0.6421875 0.04609375 0.19765625 0.09140625
0 0.77265625 0.11640625 0.02109375 0.040625
0 0.45625 0.08671875 0.10234375 0.090625
0 0.84921875 0.7671875 0.3015625 0.465625
0 0.7796875 0.1875 0.040625 0.06953125
0 0.5890625 0.18671875 0.04140625 0.06484375
0 0.91640625 0.1984375 0.10859375 0.11953125
0 0.6890625 0.18828125 0.09453125 0.06171875
0 0.79375 0.3234375 0.11015625 0.13515625
0 0.42890625 0.38671875 0.20703125 0.18046875
0 0.0578125 0.35859375 0.115625 0.3015625
0 0.14921875 0.140625 0.1921875 0.23515625
0 0.33515625 0.15390625 0.11015625 0.27578125