0 0.35234375 0.1015625 0.03671875 0.0375
0 0.45390625 0.3265625 0.06484375 0.1203125
0 0.40859375 0.08359375 0.03359375 0.03984375
0 0.12421875 0.1171875 0.09921875 0.084375
0 0.78671875 0.259375 0.03046875 0.0734375
0 0.240625 0.31953125 0.08046875 0.06171875
0 0.11953125 0.22421875 0.06328125 0.06875
0 0.509375 0.07890625 0.0234375 0.028125
0 0.775 0.45703125 0.08359375 0.1515625
0 0.78203125 0.05078125 0.04296875 0.0453125
0 0.50625 0.01953125 0.059375 0.0375
0 0.940625 0.52578125 0.11875 0.1171875
0 0.80234375 0.80625 0.10703125 0.38671875
0 0.1078125 0.29609375 0.053125 0.0609375
0 0.23125 0.1171875 0.18515625 0.10859375
0 0.35859375 0.1953125 0.0625 0.08828125
0 0.484375 0.153125 0.05234375 0.0609375
0 0.51796875 0.11328125 0.021875 0.04453125
0 0.653125 0.25703125 0.05078125 0.07734375
0 0.73828125 0.2859375 0.071875 0.075
0 0.59921875 0.12109375 0.05859375 0.0484375
0 0.66328125 0.11640625 0.05546875 0.053125