0 0.7421875 0.1984375 0.06484375 0.059375
0 0.2453125 0.015625 0.02734375 0.03125
0 0.64140625 0.18125 0.03828125 0.06328125
0 0.16171875 0.03671875 0.1140625 0.0734375
0 0.2421875 0.07421875 0.01796875 0.04140625
0 0.6625 0.1609375 0.02890625 0.0453125
0 0.2703125 0.04375 0.0140625 0.03203125
0 0.303125 0.0703125 0.06328125 0.06640625
0 0.96875 0.23046875 0.06015625 0.10859375
0 0.84375 0.359375 0.0671875 0.0875
0 0.62734375 0.13046875 0.03203125 0.03828125
0 0.76640625 0.16953125 0.02890625 0.0296875
0 0.87265625 0.2859375 0.0625 0.05625
0 0.7796875 0.19296875 0.02421875 0.03125
0 0.5828125 0.115625 0.02734375 0.07109375
0 0.48828125 0.07421875 0.02265625 0.03984375
0 0.95703125 0.415625 0.0859375 0.04921875
0 0.73984375 0.2578125 0.14296875 0.096875
0 0.83046875 0.2640625 0.0171875 0.02890625
0 0.43125 0.05625 0.01953125 0.04296875
0 0.9484375 0.35078125 0.103125 0.1234375
0 0.8234375 0.221875 0.03046875 0.03515625
0 0.6 0.06171875 0.09921875 0.084375
0 0.91796875 0.2671875 0.0328125 0.04140625
0 0.53515625 0.1375 0.07421875 0.10859375
0 0.9 0.240625 0.0453125 0.03359375
0 0.81953125 0.14296875 0.02734375 0.0359375
0 0.38046875 0.81328125 0.25546875 0.28203125
0 0.69765625 0.53828125 0.0984375 0.1875
0 0.121875 0.70859375 0.084375 0.30546875
0 0.325 0.28203125 0.15390625 0.16953125
0 0.4703125 0.0828125 0.0125 0.05703125
0 0.58515625 0.175 0.06328125 0.06953125
0 0.71328125 0.171875 0.04765625 0.0375