0 0.7109375 0.07734375 0.08125 0.05703125
0 0.92109375 0.23515625 0.084375 0.05546875
0 0.9484375 0.61640625 0.10234375 0.125
0 0.22890625 0.01328125 0.01796875 0.02578125
0 0.89453125 0.278125 0.05390625 0.0515625
0 0.59140625 0.0109375 0.0484375 0.021875
0 0.67109375 0.01640625 0.05703125 0.0328125
0 0.25859375 0.05234375 0.04140625 0.04296875
0 0.63828125 0.12109375 0.021875 0.0390625
0 0.7484375 0.2578125 0.04140625 0.01953125
0 0.17421875 0.07890625 0.0390625 0.03046875
0 0.3484375 0.0125 0.0375 0.025
0 0.6015625 0.340625 0.08359375 0.1125
0 0.9328125 0.11171875 0.109375 0.07890625
0 0.9171875 0.721875 0.0421875 0.15703125
0 0.8703125 0.53515625 0.03359375 0.0828125
0 0.66171875 0.31328125 0.07265625 0.05859375
0 0.0359375 0.321875 0.071875 0.15234375
0 0.43984375 0.034375 0.08359375 0.06484375
0 0.8578125 0.0984375 0.04296875 0.0359375
0 0.80078125 0.15546875 0.03515625 0.0203125
0 0.51015625 0.3515625 0.03671875 0.0578125
0 0.2359375 0.4453125 0.15234375 0.09609375
0 0.26015625 0.315625 0.13515625 0.096875
0 0.25 0.70859375 0.08203125 0.14140625
0 0.0671875 0.6671875 0.13359375 0.1046875
0 0.03828125 0.7875 0.0765625 0.134375
0 0.04140625 0.11328125 0.04140625 0.05390625
0 0.08203125 0.07421875 0.046875 0.04140625
0 0.315625 0.0828125 0.05859375 0.05078125
0 0.5171875 0.18203125 0.09375 0.06484375
0 0.54765625 0.240625 0.07578125 0.0546875
0 0.65859375 0.17578125 0.05546875 0.046875
0 0.5453125 0.11640625 0.04453125 0.03671875
0 0.228125 0.1 0.0578125 0.05
0 0.33984375 0.18046875 0.07109375 0.0484375
0 0.46796875 0.11640625 0.01796875 0.04296875
0 0.58515625 0.04375 0.06875 0.040625
0 0.56171875 0.0828125 0.05703125 0.04140625
0 0.94921875 0.4546875 0.1015625 0.1375
0 0.0109375 0.0421875 0.02109375 0.04140625
0 0.0984375 0.14453125 0.05234375 0.03828125
0 0.08046875 0.10390625 0.0421875 0.028125
0 0.04453125 0.084375 0.04375 0.02890625
0 0.1671875 0.1171875 0.05546875 0.04765625
0 0.228125 0.05625 0.02578125 0.0296875
0 0.2671875 0.08984375 0.02890625 0.04453125
0 0.340625 0.071875 0.03359375 0.0390625
0 0.34296875 0.26484375 0.0296875 0.075
0 0.48125 0.078125 0.034375 0.03515625
0 0.42421875 0.10390625 0.04453125 0.03359375
0 0.76875 0.22109375 0.03671875 0.04765625
0 0.48515625 0.2125 0.07578125 0.0625
0 0.984375 0.14140625 0.03125 0.0359375
0 0.0734375 0.015625 0.03203125 0.0296875
0 0.2015625 0.03515625 0.02578125 0.05546875
0 0.1828125 0.028125 0.03359375 0.0296875
0 0.26875 0.0140625 0.01171875 0.02734375
0 0.36484375 0.0390625 0.01640625 0.01640625
0 0.44765625 0.08515625 0.0140625 0.021875