0 0.7390625 0.346875 0.06171875 0.0484375
0 0.02421875 0.41171875 0.04765625 0.075
0 0.80546875 0.2734375 0.0296875 0.04296875
0 0.721875 0.2734375 0.02421875 0.03046875
0 0.53125 0.178125 0.05703125 0.059375
0 0.06171875 0.22109375 0.02578125 0.03515625
0 0.1734375 0.17265625 0.01640625 0.034375
0 0.09375 0.14453125 0.05390625 0.06796875
0 0.09921875 0.70703125 0.13125 0.225
0 0.8234375 0.34296875 0.08515625 0.06640625
0 0.16796875 0.22109375 0.03828125 0.03515625
0 0.85 0.27265625 0.06484375 0.0453125
0 0.278125 0.1890625 0.03203125 0.03515625
0 0.4890625 0.225 0.03125 0.03671875
0 0.20078125 0.12890625 0.04140625 0.03984375
0 0.32109375 0.521875 0.0703125 0.209375
0 0.4078125 0.18125 0.06171875 0.06796875
0 0.315625 0.10703125 0.084375 0.053125
0 0.5109375 0.12890625 0.028125 0.040625
0 0.728125 0.2515625 0.01953125 0.025
0 0.80546875 0.39140625 0.03984375 0.04453125
0 0.31171875 0.14921875 0.04140625 0.03125
0 0.228125 0.1671875 0.02265625 0.04375
0 0.4390625 0.16171875 0.0171875 0.04453125
0 0.140625 0.1296875 0.04140625 0.03671875
0 0.9578125 0.2953125 0.05078125 0.04453125
0 0.1390625 0.01640625 0.04375 0.0328125
0 0.603125 0.175 0.03359375 0.0296875
0 0.8328125 0.671875 0.09609375 0.14140625
0 0.27890625 0.0171875 0.028125 0.03203125
0 0.959375 0.3859375 0.08125 0.059375
0 0.7734375 0.253125 0.034375 0.0734375
0 0.884375 0.325 0.04296875 0.0390625
0 0.1265625 0.06796875 0.09921875 0.084375
0 0.58203125 0.10078125 0.06640625 0.06953125
0 0.69375 0.1609375 0.02890625 0.034375
0 0.66640625 0.20859375 0.03359375 0.0359375
0 0.85078125 0.19921875 0.03671875 0.03984375
0 0.9109375 0.2515625 0.04296875 0.0296875
0 0.60625 0.2046875 0.0578125 0.0515625
0 0.77109375 0.54296875 0.06796875 0.08671875
0 0.8296875 0.53828125 0.07265625 0.09609375
0 0.9265625 0.5765625 0.096875 0.1234375
0 0.97265625 0.51484375 0.0546875 0.0609375
0 0.57578125 0.58125 0.07265625 0.090625
0 0.5265625 0.51171875 0.04296875 0.065625
0 0.4734375 0.5171875 0.0171875 0.1359375
0 0.4859375 0.421875 0.1203125 0.07890625
0 0.41875 0.37578125 0.0875 0.05390625
0 0.5671875 0.290625 0.065625 0.0765625
0 0.28203125 0.296875 0.13046875 0.0984375
0 0.453125 0.2671875 0.07578125 0.06796875
0 0.025 0.228125 0.04921875 0.08359375
0 0.08515625 0.31328125 0.03671875 0.03984375
0 0.0984375 0.21328125 0.03046875 0.0546875
0 0.1421875 0.234375 0.0640625 0.06328125
0 0.40234375 0.240625 0.046875 0.0359375
0 0.3640625 0.24140625 0.0203125 0.02890625
0 0.02109375 0.3265625 0.0421875 0.078125
0 0.36328125 0.18125 0.02421875 0.01875
0 0.6140625 0.27421875 0.02890625 0.03125