0 0.1296875 0.721875 0.08203125 0.11328125
0 0.04765625 0.26171875 0.03203125 0.0359375
0 0.8609375 0.52890625 0.053125 0.0734375
0 0.72890625 0.56640625 0.065625 0.0765625
0 0.6859375 0.29375 0.025 0.04453125
0 0.721875 0.28671875 0.02890625 0.03359375
0 0.115625 0.296875 0.09296875 0.06171875
0 0.51640625 0.91640625 0.1375 0.165625
0 0.16953125 0.35625 0.05546875 0.03359375
0 0.34609375 0.4625 0.03515625 0.06171875
0 0.72734375 0.31875 0.02421875 0.04375
0 0.796875 0.49609375 0.05859375 0.06484375
0 0.303125 0.5625 0.0703125 0.0703125
0 0.58125 0.42890625 0.03359375 0.05
0 0.6671875 0.48828125 0.06015625 0.0640625
0 0.76484375 0.3265625 0.04375 0.0375
0 0.65546875 0.271875 0.01796875 0.040625
0 0.2796875 0.6765625 0.2703125 0.1796875
0 0.1359375 0.2078125 0.053125 0.04453125
0 0.109375 0.24921875 0.1 0.06171875
0 0.83984375 0.49296875 0.03828125 0.03515625
0 0.92890625 0.340625 0.06796875 0.04375
0 0.73359375 0.3640625 0.03046875 0.02890625
0 0.6109375 0.35 0.1390625 0.09140625
0 0.7015625 0.40390625 0.04140625 0.034375
0 0.75234375 0.3984375 0.02265625 0.03515625
0 0.42265625 0.23984375 0.0296875 0.0359375
0 0.6 0.2796875 0.075 0.065625
0 0.07265625 0.2 0.059375 0.04921875
0 0.79140625 0.35390625 0.03671875 0.03515625
0 0.86484375 0.4046875 0.02109375 0.04140625
0 0.81484375 0.45390625 0.0296875 0.02734375
0 0.87109375 0.4703125 0.0390625 0.0484375
0 0.93359375 0.5421875 0.04609375 0.04609375
0 0.76015625 0.4375 0.02421875 0.03828125
0 0.82421875 0.3609375 0.02421875 0.03125
0 0.7375 0.8109375 0.09609375 0.128125
0 0.1953125 0.25 0.04921875 0.03125
0 0.6515625 0.31796875 0.0125 0.0265625
0 0.90390625 0.66328125 0.11015625 0.096875
0 0.83203125 0.6640625 0.13984375 0.20078125
0 0.52109375 0.8609375 0.0859375 0.1828125
0 0.56796875 0.65546875 0.05390625 0.05859375
0 0.65390625 0.6046875 0.02265625 0.06171875
0 0.3125 0.8046875 0.07578125 0.13359375
0 0.14609375 0.553125 0.06484375 0.08125
0 0.271875 0.55234375 0.053125 0.0546875
0 0.2359375 0.51953125 0.06875 0.07421875
0 0.11796875 0.63671875 0.021875 0.10078125
0 0.02890625 0.3796875 0.05703125 0.0671875
0 0.18125 0.29921875 0.03515625 0.0375
0 0.20703125 0.32734375 0.04296875 0.040625
0 0.24375 0.31484375 0.040625 0.0703125
0 0.28203125 0.30625 0.0375 0.0421875
0 0.265625 0.37578125 0.10703125 0.06796875
0 0.2859375 0.45 0.0734375 0.0640625
0 0.43203125 0.48125 0.0703125 0.0546875
0 0.43984375 0.54453125 0.04453125 0.071875
0 0.49453125 0.54453125 0.05234375 0.0625
0 0.5359375 0.55859375 0.05703125 0.05546875
0 0.55 0.5078125 0.07109375 0.05859375
0 0.54453125 0.4484375 0.0578125 0.08828125