0 0.59609375 0.08828125 0.025 0.034375
0 0.81953125 0.26875 0.09140625 0.10078125
0 0.62890625 0.3515625 0.03203125 0.1109375
0 0.89765625 0.23984375 0.01875 0.02421875
0 0.33046875 0.021875 0.02421875 0.040625
0 0.99140625 0.2859375 0.01640625 0.0515625
0 0.7453125 0.16640625 0.0328125 0.03359375
0 0.53515625 0.04296875 0.028125 0.0390625
0 0.759375 0.05 0.02109375 0.04453125
0 0.59609375 0.1484375 0.03203125 0.08515625
0 0.8328125 0.81015625 0.08671875 0.28125
0 0.70859375 0.10859375 0.02109375 0.04453125
0 0.8515625 0.17421875 0.0359375 0.03359375
0 0.72734375 0.259375 0.03984375 0.04140625
0 0.6890625 0.0828125 0.02734375 0.03203125
0 0.8171875 0.3859375 0.09140625 0.0765625
0 0.84765625 0.93203125 0.11796875 0.13125
0 0.61015625 0.06171875 0.02109375 0.053125
0 0.753125 0.29375 0.04453125 0.0703125
0 0.659375 0.0609375 0.02265625 0.03671875
0 0.85234375 0.06953125 0.0421875 0.040625
0 0.765625 0.18671875 0.03046875 0.03671875
0 0.95546875 0.1875 0.05625 0.04375
0 0.778125 0.14140625 0.03671875 0.028125
0 0.58515625 0.38828125 0.134375 0.1640625
0 0.8046875 0.0828125 0.0234375 0.04921875
0 0.8984375 0.18046875 0.03984375 0.0296875
0 0.9765625 0.25390625 0.02890625 0.03203125
0 0.725 0.384375 0.04453125 0.08828125
0 0.978125 0.15546875 0.0421875 0.03203125
0 0.90625 0.121875 0.03515625 0.04375
0 0.88515625 0.6171875 0.14140625 0.20625
0 0.2671875 0.08359375 0.10546875 0.0953125
0 0.47578125 0.0765625 0.11953125 0.0890625
0 0.7640625 0.09765625 0.053125 0.04375