0 0.73984375 0.09140625 0.07421875 0.07421875
0 0.53671875 0.06328125 0.0390625 0.03203125
0 0.92421875 0.1609375 0.0296875 0.04375
0 0.575 0.12890625 0.040625 0.04375
0 0.58828125 0.01640625 0.02734375 0.03203125
0 0.97109375 0.23671875 0.05703125 0.0703125
0 0.58203125 0.06328125 0.02890625 0.03515625
0 0.96953125 0.18046875 0.028125 0.04296875
0 0.265625 0.03046875 0.02421875 0.04453125
0 0.13984375 0.12421875 0.05546875 0.0734375
0 0.21796875 0.01796875 0.06171875 0.03515625
0 0.634375 0.0109375 0.0453125 0.021875
0 0.675 0.06953125 0.03984375 0.06015625
0 0.72578125 0.1546875 0.04140625 0.04609375
0 0.2546875 0.1484375 0.03515625 0.04921875
0 0.39765625 0.0234375 0.03359375 0.03671875
0 0.7015625 0.0359375 0.04296875 0.04453125
0 0.86015625 0.1359375 0.040625 0.04453125
0 0.92578125 0.1 0.04140625 0.0390625
0 0.74921875 0.61796875 0.10625 0.128125
0 0.89921875 0.17578125 0.02265625 0.0546875
0 0.88046875 0.7125 0.23515625 0.36796875
0 0.2234375 0.0921875 0.07109375 0.065625
0 0.81796875 0.01171875 0.03828125 0.0234375
0 0.8578125 0.06953125 0.03046875 0.04921875
0 0.08046875 0.2171875 0.16015625 0.1203125
0 0.484375 0.03046875 0.0328125 0.03203125
0 0.98359375 0.0953125 0.03203125 0.05
0 0.1109375 0.44140625 0.1109375 0.19765625
0 0.26171875 0.3125 0.2609375 0.18828125
0 0.21015625 0.24296875 0.07265625 0.0484375
0 0.1875 0.14375 0.02890625 0.06640625
0 0.38359375 0.4203125 0.0859375 0.121875
0 0.9015625 0.84609375 0.1515625 0.13359375
0 0.8 0.77265625 0.0703125 0.13828125
0 0.67421875 0.94609375 0.0515625 0.1078125
0 0.621875 0.60703125 0.07734375 0.16875
0 0.49375 0.478125 0.0359375 0.128125
0 0.384375 0.09140625 0.0765625 0.08515625
0 0.3328125 0.08828125 0.02421875 0.08828125
0 0.31015625 0.096875 0.04140625 0.0515625
0 0.38671875 0.18828125 0.11796875 0.10078125
0 0.490625 0.31328125 0.07734375 0.1671875
0 0.43984375 0.3171875 0.0515625 0.0765625
0 0.52265625 0.4109375 0.06328125 0.06171875
0 0.5828125 0.43515625 0.0296875 0.146875
0 0.6140625 0.4328125 0.05625 0.0921875
0 0.65703125 0.51171875 0.05546875 0.11796875
0 0.67578125 0.40625 0.13125 0.14453125
0 0.84140625 0.475 0.13671875 0.1359375
0 0.7390625 0.34296875 0.1265625 0.10546875
0 0.646875 0.3234375 0.06796875 0.07578125
0 0.9546875 0.4703125 0.06171875 0.04375
0 0.8828125 0.26171875 0.08046875 0.11328125
0 0.79453125 0.27421875 0.0828125 0.10703125
0 0.653125 0.146875 0.10546875 0.07421875
0 0.80390625 0.18203125 0.05546875 0.0703125
0 0.82734375 0.1 0.03515625 0.08046875
0 0.09140625 0.946875 0.10078125 0.10625
0 0.34375 0.0265625 0.05546875 0.0296875
0 0.97109375 0.4328125 0.05703125 0.0546875
0 0.6078125 0.22265625 0.075 0.08828125
0 0.47734375 0.18125 0.053125 0.07734375
0 0.2625 0.19609375 0.0640625 0.0484375
0 0.5796875 0.2734375 0.025 0.11875