0 0.61484375 0.05625 0.03515625 0.04921875
0 0.63671875 0.03671875 0.03515625 0.028125
0 0.77421875 0.14765625 0.02734375 0.034375
0 0.35390625 0.59921875 0.12109375 0.23515625
0 0.49921875 0.25390625 0.171875 0.17421875
0 0.82109375 0.25546875 0.09765625 0.09921875
0 0.86015625 0.1953125 0.07890625 0.071875
0 0.6015625 0.26953125 0.05546875 0.06171875
0 0.496875 0.46171875 0.21015625 0.23671875
0 0.80625 0.11953125 0.07265625 0.0609375
0 0.9046875 0.4125 0.05625 0.103125
0 0.24609375 0.3171875 0.08125 0.209375
0 0.28046875 0.409375 0.1046875 0.17578125
0 0.3390625 0.02734375 0.0546875 0.05390625