0 0.61484375 0.021875 0.0484375 0.0359375
0 0.51484375 0.2484375 0.07734375 0.10390625
0 0.89609375 0.103125 0.02734375 0.03671875
0 0.73359375 0.0484375 0.0234375 0.08203125
0 0.69296875 0.04921875 0.02734375 0.08203125
0 0.32578125 0.0359375 0.04453125 0.07109375
0 0.8453125 0.121875 0.04140625 0.04296875
0 0.3203125 0.16171875 0.2140625 0.24921875
0 0.7265625 0.225 0.11015625 0.121875
0 0.89453125 0.86640625 0.2109375 0.2234375
0 0.85390625 0.07265625 0.07890625 0.05625
0 0.97578125 0.3515625 0.04453125 0.0796875
0 0.91640625 0.3859375 0.09921875 0.10078125
0 0.82109375 0.6078125 0.1265625 0.19375
0 0.0515625 0.47578125 0.103125 0.25546875
0 0.18515625 0.121875 0.04609375 0.13515625
0 0.4546875 0.41640625 0.05078125 0.13984375
0 0.66796875 0.39765625 0.0859375 0.0703125
0 0.83203125 0.13515625 0.04765625 0.0453125
0 0.52109375 0.06796875 0.0453125 0.05546875
0 0.5453125 0.17578125 0.05234375 0.0609375
0 0.484375 0.20703125 0.059375 0.09765625
0 0.65 0.1640625 0.03984375 0.06015625