0 0.97734375 0.63046875 0.0453125 0.0859375
0 0.1 0.06015625 0.1078125 0.1203125
0 0.1359375 0.16953125 0.12734375 0.11796875
0 0.4140625 0.15625 0.09453125 0.0703125
0 0.8703125 0.80078125 0.13515625 0.13359375
0 0.0375 0.1875 0.075 0.1515625
0 0.90546875 0.92578125 0.18828125 0.1484375
0 0.765625 0.659375 0.06484375 0.1046875
0 0.36796875 0.39140625 0.07734375 0.075
0 0.26953125 0.18203125 0.1546875 0.1453125
0 0.31953125 0.28515625 0.15703125 0.12734375
0 0.44453125 0.31796875 0.05234375 0.06640625
0 0.68125 0.115625 0.0796875 0.075
0 0.26484375 0.08125 0.03203125 0.0625
0 0.77109375 0.0765625 0.02734375 0.065625
0 0.72578125 0.11953125 0.07890625 0.05625