0 0.82578125 0.37265625 0.034375 0.03203125
0 0.83515625 0.415625 0.05546875 0.05546875
0 0.615625 0.23359375 0.03359375 0.0890625
0 0.7015625 0.4140625 0.06796875 0.10546875
0 0.878125 0.0890625 0.0765625 0.109375
0 0.75 0.38671875 0.06484375 0.1203125
0 0.7921875 0.43828125 0.03828125 0.07578125
0 0.81171875 0.27265625 0.03671875 0.06953125
0 0.9328125 0.62421875 0.134375 0.1234375
0 0.96328125 0.56328125 0.0734375 0.1359375
0 0.9453125 0.246875 0.02734375 0.05625
0 0.8578125 0.171875 0.06015625 0.05390625
0 0.97734375 0.271875 0.0453125 0.078125
0 0.78671875 0.2203125 0.01953125 0.05
0 0.13984375 0.11953125 0.20546875 0.18125
0 0.90703125 0.81328125 0.18203125 0.25234375
0 0.80703125 0.59296875 0.0609375 0.17578125
0 0.97578125 0.12890625 0.0484375 0.06484375
0 0.84375 0.21484375 0.03984375 0.04296875
0 0.8515625 0.30546875 0.11484375 0.09140625
0 0.64609375 0.12421875 0.06640625 0.06796875
0 0.9296875 0.41640625 0.140625 0.20390625
0 0.73828125 0.1125 0.11875 0.1296875
0 0.465625 0.04296875 0.1421875 0.08515625
0 0.6140625 0.0453125 0.1734375 0.08984375
0 0.7953125 0.84921875 0.06328125 0.153125
0 0.6421875 0.3859375 0.06328125 0.128125
0 0.5984375 0.29375 0.04921875 0.07421875
0 0.68984375 0.2265625 0.02421875 0.14609375
0 0.54765625 0.146875 0.08046875 0.13671875