0 0.9578125 0.384375 0.084375 0.0875
0 0.80703125 0.1484375 0.05625 0.125
0 0.20078125 0.09609375 0.109375 0.11875
0 0.82734375 0.02890625 0.03046875 0.03125
0 0.65 0.12109375 0.07109375 0.06640625
0 0.74140625 0.0765625 0.02734375 0.04140625
0 0.18984375 0.74453125 0.19921875 0.15390625
0 0.69296875 0.27421875 0.06484375 0.10625
0 0.09609375 0.03125 0.06953125 0.06171875
0 0.94140625 0.10078125 0.05625 0.0609375
0 0.0328125 0.1734375 0.065625 0.10390625
0 0.96953125 0.1890625 0.05703125 0.059375
0 0.37890625 0.02890625 0.04140625 0.04296875
0 0.82109375 0.07109375 0.06640625 0.0640625
0 0.04375 0.05859375 0.08046875 0.07109375
0 0.27578125 0.67109375 0.15 0.1609375
0 0.48046875 0.28125 0.12734375 0.19375
0 0.78046875 0.8265625 0.30234375 0.284375
0 0.26328125 0.29921875 0.1109375 0.24609375
0 0.23671875 0.4203125 0.06171875 0.15625
0 0.49453125 0.0421875 0.103125 0.084375
0 0.6328125 0.2125 0.04296875 0.08515625
0 0.51484375 0.14453125 0.0765625 0.0578125
0 0.56875 0.11484375 0.053125 0.05625
0 0.75859375 0.425 0.08203125 0.16953125
0 0.8234375 0.4296875 0.06171875 0.115625
0 0.2921875 0.09453125 0.0703125 0.06953125
0 0.35625 0.078125 0.059375 0.06953125
0 0.3046875 0.025 0.053125 0.0484375