0 0.82734375 0.36875 0.07734375 0.06875
0 0.440625 0.30859375 0.0703125 0.0734375
0 0.36171875 0.165625 0.03671875 0.0234375
0 0.51796875 0.5640625 0.13125 0.140625
0 0.2265625 0.2453125 0.05703125 0.10703125
0 0.45625 0.43984375 0.0546875 0.0578125
0 0.27421875 0.15625 0.04375 0.0359375
0 0.15859375 0.390625 0.1796875 0.0953125
0 0.790625 0.48203125 0.1171875 0.121875
0 0.51796875 0.45546875 0.03828125 0.0875
0 0.6296875 0.52578125 0.07734375 0.11171875
0 0.39765625 0.134375 0.02734375 0.07890625
0 0.81484375 0.7703125 0.14375 0.19609375
0 0.3953125 0.3765625 0.08125 0.059375
0 0.9484375 0.20078125 0.10234375 0.0734375
0 0.90546875 0.6765625 0.128125 0.18515625
0 0.2875 0.0921875 0.04609375 0.03828125
0 0.490625 0.11796875 0.1109375 0.0796875
0 0.54609375 0.36171875 0.0421875 0.053125
0 0.11015625 0.215625 0.0578125 0.06484375
0 0.14609375 0.31171875 0.059375 0.04765625
0 0.35390625 0.5875 0.06328125 0.10234375
0 0.303125 0.225 0.03515625 0.034375
0 0.32265625 0.1875 0.01640625 0.0234375
0 0.34765625 0.13984375 0.04453125 0.0296875
0 0.41171875 0.32265625 0.08671875 0.09296875
0 0.5515625 0.3109375 0.0640625 0.04765625
0 0.57734375 0.12421875 0.0546875 0.04375
0 0.90703125 0.4234375 0.1859375 0.14375
0 0.8625 0.49609375 0.09296875 0.05859375
0 0.9765625 0.5328125 0.046875 0.06875
0 0.71796875 0.44453125 0.04375 0.06796875
0 0.84765625 0.27109375 0.071875 0.0578125