0 0.7765625 0.6171875 0.17578125 0.1640625
0 0.51796875 0.05546875 0.02421875 0.03671875
0 0.325 0.22109375 0.04296875 0.0859375
0 0.83046875 0.1546875 0.07578125 0.06640625
0 0.91328125 0.6734375 0.10859375 0.11796875
0 0.4578125 0.134375 0.03671875 0.06796875
0 0.2984375 0.10859375 0.02890625 0.04609375
0 0.390625 0.26953125 0.06328125 0.103125
0 0.86171875 0.23046875 0.08984375 0.05625
0 0.74140625 0.128125 0.04140625 0.03671875
0 0.83828125 0.128125 0.03359375 0.04375
0 0.72890625 0.1609375 0.01875 0.040625
0 0.30703125 0.0296875 0.0328125 0.04296875
0 0.03125 0.03671875 0.059375 0.05546875
0 0.6 0.1515625 0.0671875 0.06796875
0 0.4125 0.06953125 0.03671875 0.05
0 0.6265625 0.02890625 0.03203125 0.0296875
0 0.4640625 0.04765625 0.03828125 0.04140625
0 0.97578125 0.20703125 0.025 0.075
0 0.9171875 0.2703125 0.09296875 0.0484375
0 0.934375 0.353125 0.13125 0.1234375
0 0.63515625 0.065625 0.0859375 0.05390625
0 0.05546875 0.08828125 0.040625 0.03984375
0 0.53515625 0.1015625 0.04921875 0.07421875
0 0.89921875 0.83046875 0.075 0.146875
0 0.965625 0.02890625 0.06796875 0.05625
0 0.93671875 0.2203125 0.03203125 0.03671875
0 0.90390625 0.17890625 0.04296875 0.034375
0 0.3515625 0.9 0.17421875 0.1984375
0 0.06640625 0.4984375 0.1328125 0.23515625
0 0.3609375 0.40703125 0.0375 0.146875
0 0.53984375 0.32421875 0.08984375 0.10546875
0 0.053125 0.20078125 0.10625 0.10703125
0 0.1015625 0.109375 0.08203125 0.05703125
0 0.19296875 0.021875 0.08125 0.04375
0 0.190625 0.0703125 0.05703125 0.08984375
0 0.203125 0.125 0.05390625 0.04375
0 0.28515625 0.26015625 0.084375 0.08046875
0 0.3828125 0.15234375 0.0328125 0.05546875
0 0.3609375 0.04921875 0.05625 0.04765625
0 0.7390625 0.2265625 0.0515625 0.05390625
0 0.88515625 0.46171875 0.12890625 0.13515625
0 0.9765625 0.64375 0.04609375 0.1125