0 0.06328125 0.0640625 0.0640625 0.040625
0 0.43203125 0.0234375 0.03203125 0.04453125
0 0.25859375 0.06953125 0.03828125 0.06171875
0 0.10390625 0.02109375 0.0890625 0.03984375
0 0.59453125 0.1234375 0.06171875 0.05625
0 0.24453125 0.1734375 0.07890625 0.12421875
0 0.23984375 0.02265625 0.028125 0.0453125
0 0.22109375 0.03125 0.0609375 0.0546875
0 0.3234375 0.16953125 0.0640625 0.12890625
0 0.86015625 0.43125 0.109375 0.13828125
0 0.49609375 0.015625 0.02734375 0.03125
0 0.90390625 0.3484375 0.059375 0.05625
0 0.4625 0.07421875 0.02421875 0.04375
0 0.5390625 0.08671875 0.08515625 0.06875
0 0.8421875 0.1546875 0.09765625 0.06875
0 0.1046875 0.17890625 0.18359375 0.15859375
0 0.7375 0.17109375 0.1578125 0.090625
0 0.94375 0.20078125 0.0203125 0.03671875
0 0.83828125 0.24921875 0.0796875 0.03984375
0 0.7 0.08671875 0.04765625 0.040625
0 0.9046875 0.1609375 0.03984375 0.0359375
0 0.91015625 0.29921875 0.07734375 0.0515625
0 0.97734375 0.24140625 0.0453125 0.03671875
0 0.60625 0.04921875 0.0421875 0.065625
0 0.08125 0.41875 0.16171875 0.14375
0 0.4015625 0.83359375 0.1265625 0.2828125
0 0.66953125 0.5375 0.15390625 0.128125
0 0.45625 0.2609375 0.1359375 0.10546875
0 0.18515625 0.0765625 0.08828125 0.05390625
0 0.13828125 0.08359375 0.04609375 0.0421875
0 0.63828125 0.12578125 0.03828125 0.0546875