0 0.7140625 0.16796875 0.0578125 0.06640625
0 0.9890625 0.1015625 0.02109375 0.04453125
0 0.88984375 0.08359375 0.02109375 0.04140625
0 0.6109375 0.11171875 0.06640625 0.06328125
0 0.8453125 0.015625 0.04609375 0.03125
0 0.88984375 0.0171875 0.03203125 0.02890625
0 0.859375 0.0953125 0.03984375 0.03125
0 0.50703125 0.0984375 0.03671875 0.07109375
0 0.665625 0.1 0.06328125 0.06640625
0 0.9828125 0.0765625 0.02890625 0.03359375
0 0.0359375 0.05625 0.06015625 0.04921875
0 0.25390625 0.06953125 0.10390625 0.09453125
0 0.86640625 0.2015625 0.07890625 0.08203125
0 0.70625 0.028125 0.03125 0.03046875
0 0.76875 0.2203125 0.06015625 0.09609375
0 0.84765625 0.29609375 0.0984375 0.06875
0 0.94765625 0.53828125 0.10390625 0.14921875
0 0.72109375 0.2859375 0.03515625 0.07890625
0 0.55625 0.02265625 0.0265625 0.0453125
0 0.1 0.09375 0.0765625 0.059375
0 0.96171875 0.375 0.0765625 0.103125
0 0.825 0.03828125 0.0734375 0.06875
0 0.28671875 0.82265625 0.08359375 0.33125
0 0.84140625 0.61328125 0.10078125 0.2359375
0 0.5421875 0.15546875 0.06328125 0.16171875
0 0.71953125 0.09765625 0.09921875 0.0703125
0 0.05703125 0.171875 0.1140625 0.11875
0 0.9734375 0.45 0.04609375 0.0796875
0 0.2625 0.1625 0.07890625 0.171875
0 0.1796875 0.0640625 0.03671875 0.04375
0 0.16015625 0.11796875 0.05625 0.06875
0 0.0984375 0.03203125 0.0390625 0.03671875
0 0.615625 0.9765625 0.11875 0.04609375
0 0.9484375 0.06328125 0.04453125 0.02890625
0 0.6640625 0.0640625 0.028125 0.028125