0 0.9546875 0.35390625 0.0640625 0.078125
0 0.7328125 0.12890625 0.02578125 0.0515625
0 0.66796875 0.109375 0.04296875 0.06640625
0 0.175 0.25859375 0.02421875 0.04140625
0 0.8640625 0.0734375 0.05703125 0.05546875
0 0.4328125 0.17421875 0.03203125 0.04453125
0 0.56796875 0.2734375 0.028125 0.03671875
0 0.27265625 0.1078125 0.02578125 0.04375
0 0.33359375 0.1609375 0.03125 0.04375
0 0.8 0.08828125 0.021875 0.03984375
0 0.509375 0.16796875 0.0453125 0.040625
0 0.66328125 0.3265625 0.05703125 0.06953125
0 0.5921875 0.4328125 0.09921875 0.0953125
0 0.05703125 0.2140625 0.03671875 0.04453125
0 0.90078125 0.11328125 0.06796875 0.05625
0 0.721875 0.18828125 0.0328125 0.06484375
0 0.371875 0.01796875 0.034375 0.034375
0 0.3578125 0.1015625 0.03671875 0.0484375
0 0.12265625 0.253125 0.04609375 0.0609375
0 0.98359375 0.12265625 0.03046875 0.03984375
0 0.1453125 0.090625 0.09765625 0.0984375
0 0.665625 0.91640625 0.2453125 0.1609375
0 0.74140625 0.28203125 0.1796875 0.13203125
0 0.8734375 0.26484375 0.20703125 0.1140625
0 0.76328125 0.17734375 0.059375 0.053125
0 0.60078125 0.13359375 0.059375 0.09765625
0 0.43359375 0.1 0.09609375 0.1046875
0 0.94296875 0.16171875 0.11328125 0.06328125
0 0.9390625 0.20625 0.1140625 0.05546875
0 0.76953125 0.13203125 0.05390625 0.034375
0 0.51875 0.246875 0.05390625 0.059375
0 0.4734375 0.19453125 0.07890625 0.05546875
0 0.65859375 0.015625 0.0328125 0.03125
0 0.68984375 0.01875 0.02421875 0.0375
0 0.64921875 0.20625 0.04921875 0.05546875