0 0.95234375 0.0234375 0.06875 0.03671875
0 0.68203125 0.259375 0.1203125 0.13984375
0 0.78046875 0.51796875 0.11328125 0.08828125
0 0.98984375 0.0828125 0.01796875 0.05078125
0 0.95234375 0.04921875 0.03984375 0.034375
0 0.57578125 0.15390625 0.1015625 0.11796875
0 0.78828125 0.03515625 0.025 0.04453125
0 0.903125 0.4640625 0.19296875 0.26875
0 0.92578125 0.75078125 0.09375 0.22421875
0 0.921875 0.26796875 0.15625 0.17109375
0 0.890625 0.02890625 0.03671875 0.04140625
0 0.77109375 0.19296875 0.06328125 0.078125
0 0.35703125 0.0546875 0.14140625 0.109375
0 0.88984375 0.140625 0.06640625 0.10703125
0 0.63671875 0.103125 0.09921875 0.08984375
0 0.50625 0.0859375 0.04453125 0.06328125
0 0.48046875 0.08671875 0.065625 0.10703125
0 0.96875 0.103125 0.059375 0.0453125