0 0.66875 0.1765625 0.0421875 0.0953125
0 0.89296875 0.38515625 0.1203125 0.1015625
0 0.5265625 0.27421875 0.06796875 0.0828125
0 0.7484375 0.4109375 0.02421875 0.0703125
0 0.45703125 0.4046875 0.09453125 0.12421875
0 0.85703125 0.16171875 0.02890625 0.04609375
0 0.64921875 0.35859375 0.06328125 0.07734375
0 0.496875 0.17421875 0.0359375 0.08046875
0 0.8 0.240625 0.02421875 0.04296875
0 0.7484375 0.27890625 0.025 0.075
0 0.91171875 0.53984375 0.1765625 0.15703125
0 0.884375 0.21796875 0.06328125 0.0609375
0 0.72421875 0.1671875 0.0578125 0.065625
0 0.88046875 0.25859375 0.02109375 0.03984375
0 0.5546875 0.05 0.04296875 0.0390625
0 0.61953125 0.41484375 0.08671875 0.09921875
0 0.934375 0.834375 0.13046875 0.33046875
0 0.6484375 0.04296875 0.03671875 0.08515625
0 0.62890625 0.11328125 0.06171875 0.065625
0 0.76875 0.23828125 0.02265625 0.0359375
0 0.81015625 0.33359375 0.07578125 0.10078125
0 0.71953125 0.20859375 0.0421875 0.03515625
0 0.74609375 0.03828125 0.07421875 0.07421875
0 0.825 0.41640625 0.08515625 0.07578125
0 0.703125 0.09296875 0.08515625 0.06484375
0 0.8265625 0.26640625 0.03515625 0.0734375
0 0.90234375 0.3 0.02109375 0.04609375
0 0.71875 0.765625 0.09765625 0.3453125
0 0.7484375 0.53125 0.06015625 0.13671875
0 0.8109375 0.03125 0.04296875 0.03984375
0 0.88046875 0.11328125 0.07421875 0.0703125
0 0.82734375 0.63125 0.0953125 0.10234375
0 0.059375 0.0515625 0.11875 0.1
0 0.4078125 0.103125 0.11875 0.175
0 0.76328125 0.12734375 0.0546875 0.05078125
0 0.50234375 0.06875 0.06484375 0.07109375
0 0.68515625 0.325 0.0359375 0.11484375
0 0.821875 0.1875 0.0484375 0.09140625
0 0.3640625 0.16171875 0.08046875 0.10078125
0 0.56171875 0.37109375 0.0765625 0.109375
0 0.54375 0.175 0.0671875 0.05546875