0 0.62109375 0.3390625 0.06796875 0.04921875
0 0.05546875 0.40078125 0.11015625 0.0859375
0 0.33046875 0.5421875 0.0703125 0.08828125
0 0.3390625 0.3953125 0.09609375 0.06171875
0 0.425 0.33671875 0.0515625 0.075
0 0.66796875 0.29375 0.015625 0.03984375
0 0.75859375 0.4625 0.0546875 0.05703125
0 0.0453125 0.5078125 0.090625 0.05390625
0 0.85078125 0.59375 0.04453125 0.071875
0 0.49609375 0.2515625 0.028125 0.04375
0 0.275 0.71171875 0.04375 0.1625
0 0.18046875 0.2609375 0.05390625 0.04453125
0 0.321875 0.69765625 0.0515625 0.09921875
0 0.44296875 0.5578125 0.04296875 0.07890625
0 0.40390625 0.56953125 0.05546875 0.07890625
0 0.91640625 0.53125 0.071875 0.06171875
0 0.1671875 0.30390625 0.03671875 0.03828125
0 0.8671875 0.45859375 0.0484375 0.0609375
0 0.35 0.2984375 0.02890625 0.04140625
0 0.8515625 0.953125 0.15390625 0.09375
0 0.7609375 0.2953125 0.0765625 0.06484375
0 0.81953125 0.32734375 0.1109375 0.08359375
0 0.571875 0.8296875 0.1078125 0.1796875
0 0.85703125 0.75078125 0.08046875 0.1109375
0 0.7421875 0.778125 0.13984375 0.12890625
0 0.08671875 0.64375 0.15 0.1125
0 0.10625 0.54921875 0.0421875 0.0375
0 0.19921875 0.45078125 0.090625 0.065625
0 0.25859375 0.42734375 0.084375 0.11796875
0 0.16328125 0.43359375 0.06875 0.07421875
0 0.2890625 0.32421875 0.0359375 0.0265625
0 0.3359375 0.33671875 0.05234375 0.0359375
0 0.35234375 0.43125 0.046875 0.025
0 0.28203125 0.571875 0.05078125 0.07421875
0 0.3609375 0.59140625 0.05234375 0.0515625
0 0.275 0.2484375 0.0171875 0.02265625
0 0.48359375 0.47890625 0.0703125 0.05625
0 0.6265625 0.5765625 0.2171875 0.1828125
0 0.6375 0.4546875 0.115625 0.0890625
0 0.5171875 0.37421875 0.03515625 0.0625
0 0.7046875 0.40234375 0.025 0.046875
0 0.96015625 0.41484375 0.05625 0.05234375
0 0.9234375 0.43515625 0.03828125 0.034375