0 0.2984375 0.0640625 0.03203125 0.03671875
0 0.28671875 0.14765625 0.04140625 0.08828125
0 0.7734375 0.14765625 0.03203125 0.0640625
0 0.534375 0.1046875 0.025 0.0328125
0 0.3265625 0.3421875 0.06796875 0.06328125
0 0.475 0.03125 0.0375 0.0625
0 0.70625 0.140625 0.0234375 0.03359375
0 0.33828125 0.06953125 0.03359375 0.06484375
0 0.97578125 0.5359375 0.046875 0.1265625
0 0.39140625 0.05625 0.03984375 0.08671875
0 0.7046875 0.30703125 0.1296875 0.09453125
0 0.91640625 0.17578125 0.084375 0.09296875
0 0.6015625 0.05390625 0.04453125 0.034375
0 0.834375 0.20703125 0.07578125 0.1046875
0 0.8375 0.41484375 0.05703125 0.07578125
0 0.65390625 0.35390625 0.1921875 0.16328125
0 0.565625 0.23125 0.0640625 0.06328125
0 0.44453125 0.2890625 0.0953125 0.078125
0 0.26171875 0.29765625 0.06015625 0.20625
0 0.509375 0.0828125 0.04296875 0.0328125
0 0.25859375 0.0234375 0.046875 0.046875