0 0.9109375 0.03046875 0.01953125 0.05390625
0 0.6203125 0.06328125 0.03359375 0.04375
0 0.37734375 0.06875 0.03125 0.0453125
0 0.49609375 0.01640625 0.0265625 0.0328125
0 0.1421875 0.0828125 0.0484375 0.06953125
0 0.6671875 0.4984375 0.24296875 0.1859375
0 0.66328125 0.3703125 0.203125 0.2703125
0 0.4953125 0.06640625 0.05703125 0.06015625
0 0.48515625 0.42734375 0.11328125 0.103125
0 0.02265625 0.13515625 0.0453125 0.06484375
0 0.75234375 0.0375 0.09609375 0.06796875
0 0.7984375 0.2546875 0.07265625 0.06875
0 0.42734375 0.45625 0.128125 0.1109375
0 0.171875 0.76796875 0.20234375 0.38203125
0 0.4609375 0.303125 0.07421875 0.11875
0 0.41171875 0.021875 0.03984375 0.040625
0 0.83515625 0.084375 0.059375 0.065625
0 0.24453125 0.30078125 0.21875 0.18984375
0 0.559375 0.18515625 0.1171875 0.12421875
0 0.2875 0.1828125 0.1171875 0.08203125
0 0.42109375 0.09453125 0.05546875 0.04609375
0 0.4765625 0.12734375 0.0578125 0.07265625
0 0.68828125 0.1859375 0.07109375 0.059375
0 0.88203125 0.3390625 0.14140625 0.096875
0 0.875 0.153125 0.0640625 0.06328125
0 0.3390625 0.1203125 0.040625 0.07734375