0 0.84609375 0.03046875 0.0375 0.03125
0 0.91171875 0.3265625 0.03984375 0.06171875
0 0.8625 0.1375 0.0546875 0.0640625
0 0.1171875 0.06875 0.15859375 0.11328125
0 0.93828125 0.1125 0.096875 0.0640625
0 0.034375 0.3234375 0.06796875 0.1109375
0 0.91015625 0.25234375 0.0703125 0.096875
0 0.98125 0.17421875 0.0375 0.0703125
0 0.7265625 0.0296875 0.08359375 0.059375
0 0.1921875 0.28671875 0.128125 0.15234375
0 0.4328125 0.07890625 0.13125 0.09921875
0 0.4703125 0.63046875 0.26484375 0.30859375
0 0.53671875 0.5265625 0.06796875 0.24921875
0 0.634375 0.6296875 0.08515625 0.340625
0 0.3265625 0.2828125 0.05234375 0.12265625
0 0.68984375 0.146875 0.10078125 0.1046875
0 0.246875 0.10546875 0.1125 0.08203125
0 0.2203125 0.1890625 0.08125 0.0890625
0 0.82109375 0.09453125 0.07734375 0.09375
0 0.14765625 0.16953125 0.03125 0.0828125
0 0.04453125 0.1640625 0.04140625 0.0875
0 0.33203125 0.09609375 0.11171875 0.078125
0 0.2109375 0.0359375 0.06796875 0.05546875
0 0.67734375 0.103125 0.0953125 0.07421875
0 0.040625 0.04453125 0.0546875 0.059375