0 0.59609375 0.56640625 0.04140625 0.13671875
0 0.50859375 0.28203125 0.06796875 0.084375
0 0.684375 0.61015625 0.09140625 0.184375
0 0.15078125 0.1890625 0.06640625 0.14765625
0 0.2296875 0.14609375 0.09921875 0.12265625
0 0.58125 0.44375 0.0859375 0.13515625
0 0.4484375 0.6390625 0.07109375 0.203125
0 0.65546875 0.80859375 0.11796875 0.21953125
0 0.76171875 0.63671875 0.12109375 0.12734375
0 0.58046875 0.86171875 0.09609375 0.27578125
0 0.109375 0.50546875 0.06171875 0.18359375
0 0.52734375 0.19296875 0.03515625 0.0453125
0 0.50625 0.228125 0.034375 0.046875
0 0.696875 0.32734375 0.034375 0.034375
0 0.5828125 0.30703125 0.0453125 0.05234375
0 0.77109375 0.28984375 0.08359375 0.0921875
0 0.9390625 0.8015625 0.12109375 0.1390625
0 0.975 0.64921875 0.05 0.08046875
0 0.553125 0.33984375 0.028125 0.03828125
0 0.88203125 0.48203125 0.0796875 0.10390625
0 0.38671875 0.84453125 0.075 0.3109375
0 0.92421875 0.89921875 0.109375 0.2015625
0 0.70625 0.78984375 0.08203125 0.1640625
0 0.6859375 0.6703125 0.071875 0.16953125
0 0.69140625 0.55390625 0.0296875 0.10234375
0 0.6546875 0.4109375 0.06015625 0.17109375
0 0.5 0.58359375 0.07578125 0.13515625
0 0.51640625 0.45 0.12265625 0.1296875
0 0.60625 0.37578125 0.040625 0.07109375
0 0.21640625 0.55625 0.153125 0.24921875
0 0.29453125 0.50078125 0.07421875 0.08515625
0 0.31484375 0.36484375 0.0921875 0.17421875
0 0.37109375 0.253125 0.0921875 0.121875
0 0.39921875 0.23671875 0.05078125 0.06015625
0 0.121875 0.30546875 0.14296875 0.11796875
0 0.19609375 0.378125 0.06953125 0.1078125
0 0.0578125 0.11953125 0.115625 0.225
0 0.340625 0.1671875 0.1046875 0.0734375
0 0.24609375 0.26015625 0.05703125 0.0734375
0 0.8953125 0.665625 0.04765625 0.146875
0 0.5 0.38828125 0.08359375 0.09921875
0 0.22734375 0.0375 0.06796875 0.075
0 0.79609375 0.209375 0.02734375 0.03046875
0 0.60859375 0.07265625 0.01171875 0.0234375
0 0.61484375 0.13671875 0.0234375 0.025
0 0.428125 0.17890625 0.065625 0.08828125
0 0.64296875 0.27265625 0.065625 0.06875
0 0.68515625 0.23984375 0.02734375 0.07578125
0 0.7203125 0.1875 0.02734375 0.0421875