0 0.675 0.23984375 0.03515625 0.04609375
0 0.41796875 0.31328125 0.03046875 0.04453125
0 0.90546875 0.40625 0.0609375 0.0546875
0 0.746875 0.396875 0.02109375 0.05859375
0 0.33359375 0.33828125 0.06171875 0.0609375
0 0.72109375 0.28671875 0.03125 0.04140625
0 0.7796875 0.32578125 0.046875 0.06328125
0 0.70078125 0.36015625 0.03671875 0.08125
0 0.73984375 0.24453125 0.03359375 0.0359375
0 0.9640625 0.29921875 0.06875 0.06953125
0 0.78828125 0.6203125 0.065625 0.08046875
0 0.725 0.48515625 0.06171875 0.06015625
0 0.8296875 0.38125 0.04609375 0.0359375
0 0.33125 0.4234375 0.084375 0.0796875
0 0.58984375 0.25078125 0.06640625 0.05390625
0 0.81875 0.30546875 0.05078125 0.05546875
0 0.934375 0.35390625 0.03828125 0.040625